d1,d2,d3,d4,d5,d6,d7,d8,d9,d10,d11,a1,a2,a3,a4,a5,a6,a7
0.3344510997927014,0.36695446060011405,0.4207347876160603,0.6296306922646862,0.3300757740759177,0.19239695208944285,0.3572208841512743,0.46063221565802015,0.23781440280411426,0.5144880107609184,0.5190401277394858,0.35848878600088874,0.4383913994725177,0.5390614959508659,0.5578095842033175,0.6797293780028686,0.5785733756138292,0.42122419667987354
0.2203931132221867,0.380154376384785,0.3968741660536743,0.8102081983830374,0.20059059342972851,0.2294914085299502,0.5898447689265813,0.17846016753360305,0.2212012642934038,0.26081026656066886,0.2761938300224902,0.27311687865584,0.15578367927451842,0.4408737128605001,0.32329047634547825,0.5436576250173417,0.578140388453112,0.2560874299497229
0.285349003848426,0.292405585687898,0.6665017897799457,0.8233486410490731,0.5105261780835877,0.34700432055218355,0.5451048466479347,0.8401903493188219,0.5411272790292312,0.9139939019344376,0.9245838936649964,0.32822695452097683,0.7286809360063684,0.660325998526921,0.8027045273562492,0.7449539607716862,0.2963164543978103,0.19772976470964654
0.7402804213048647,0.649423446095764,0.6217329929429938,0.4110313423382319,0.8005045236631789,0.584669590762851,0.5458042458003907,0.1797398669375041,0.7923279212202807,0.27100644242394023,0.26525338131527465,0.9687764375114074,0.06357148489734632,0.12176818067240985,0.15731718453788224,0.24316626898377347,0.4032712395921896,0.5529761712064387
0.772926743151802,0.7487617410570486,0.568911417616591,0.7175169576998823,0.5735604866083277,0.4931153702620472,0.5943607118949781,0.45452032125104835,0.6376683204102962,0.5181879051161258,0.5504517064556003,0.5254342413796518,0.3931462475474925,0.4291781187664147,0.486303107263077,0.5016748968050948,0.6553310805482944,0.6790599913618598
0.2202165058826696,0.37997631857709235,0.39622470606415794,0.8094565258965831,0.20032651785494737,0.22851205508053285,0.5893990110792506,0.178316932843249,0.2208170253518551,0.26044012264713445,0.27583933024195284,0.2731476917551068,0.15574343537591118,0.4408458503019706,0.32316349613919315,0.5435865449475228,0.5781165760034483,0.25609736359948587
0.18589213413592953,0.23839444365188833,0.6613330698205115,0.7533574161571304,0.4505118503599983,0.281620857592189,0.49774453349589987,0.4073415684988341,0.4287551232660709,0.5529022367104941,0.536998807771659,0.4563089138428742,0.32380690405374035,0.383395182187731,0.48390001294946394,0.6598546710052586,0.26535996762116043,0.11190570385919973
0.1795603011308643,0.18928553558495098,0.23176775689382678,0.6223583785655316,0.20400194530159332,0.15560495817735553,0.3231634218432262,0.08416998591501668,0.15092874219950936,0.11710737864854148,0.18017395412993875,0.3703265489245604,0.07562036063665045,0.31513400070201086,0.27687944918597984,0.4037426858225097,0.5205670369112372,0.32773100839612446
0.3579523862093662,0.5210828366074081,0.6122389241691573,0.547077023235953,0.25789386885477605,0.19499350865914034,0.4109089641866426,0.9138133387519118,0.3878119078145521,0.9631208889455711,0.874313864830464,0.16600284769851337,0.9180720700977678,0.7656271812175286,0.934134485933575,0.8906754607346172,0.47719721800896675,0.2755531358459631
0.43765028200413847,0.33966650431682655,0.5218546570378533,0.6741157026089226,0.7501827807228898,0.5014874423484108,0.6007540798798527,0.6752379685845913,0.6252466918014408,0.7085674393828809,0.7513861641248005,0.5884825626094035,0.5254166628623858,0.5008035417356012,0.5634415750347728,0.5399430694872385,0.34358618932240903,0.3832134550015349
0.34710560780661426,0.563218741452723,0.6766650824643579,0.5283744648668951,0.16643766434426865,0.14987091650597062,0.37953314568307794,0.818463797631855,0.26138400773459347,0.9005234761334024,0.7833469202935031,0.10530429088944548,0.8782957058325689,0.7271088292961922,0.9202064253397184,0.9268433532079539,0.5521728433175317,0.2926072478464037
0.26720645672009724,0.3109399334520102,0.4661725113872941,0.6993039709416897,0.22928732519105588,0.17663306185829208,0.3624161114883302,0.6675629766818589,0.2589602501191477,0.6953369819266826,0.7013144502378528,0.17815093528833992,0.7168959383678384,0.7376088360124928,0.8144811485766361,0.7687673553486063,0.5132993467907541,0.332771928628804
0.5991221714823883,0.5510313976039913,0.6048252400318113,0.719322602230049,0.7244881874444993,0.49881272731580983,0.62193913384943,0.7561810623306424,0.7653525007554234,0.7912537424651453,0.8204351754912635,0.5698917275506714,0.6033833156602764,0.5278241802914039,0.6424186882428979,0.5826082650217859,0.3842129993779162,0.4180768350510391
0.4700060085483796,0.4403472674406872,0.23591416808689036,0.46183187417142424,0.41271417398395704,0.2012085368500287,0.284787134248655,0.42135898214196676,0.2399887318987841,0.4023475630450237,0.4296423264788021,0.5142172971852175,0.3939998713105284,0.47675551220458473,0.47627082549863387,0.555010994880512,0.6483848904077083,0.589381035125284
0.6999407287194167,0.5840179741174532,0.6310658275410495,0.552924176708673,0.7190475294595113,0.7399631188521059,0.6305606796023486,0.20244522472804427,0.6613993765896331,0.27662590141755183,0.282869156169524,0.8321316893165986,0.1482102287626207,0.15962325921786819,0.26259520155445637,0.20602519748954284,0.4288931055720553,0.5688564155892317
0.6604347208717801,0.585068404534701,0.9552313038098301,0.657167034085218,0.8543452991175526,0.8891993512100109,0.7887794975073663,0.3246732333518981,0.8484964480414008,0.5125839743794198,0.4571709280378664,0.65974115976087,0.2681057575216649,0.21424799470564876,0.321301689396565,0.26032984417928096,0.44196645122656153,0.5722377935916252
0.7977988730483773,0.7480079253898411,0.5375916103231271,0.7392515266982085,0.6767514119010356,0.6824980686865261,0.7787072521966745,0.7524931149305356,0.4846612146630913,0.8001486291762563,0.8241097440471119,0.3606251256598523,0.6494503939467504,0.6355002793977174,0.6238567159631696,0.5779438561152601,0.8902144069334212,0.9391632748908885
0.6639000868199426,0.6958464848914678,0.5884471853682625,0.36815658660955997,0.6160273876736586,0.4558443174478062,0.5045828684390923,0.5112166865259009,0.6439196880004792,0.5878431292171902,0.5117119075246308,0.6722268305567385,0.4358496319939742,0.36995254482649914,0.46142758004034024,0.5444157117481592,0.5058588751321997,0.5239159769346038
0.7031071515864183,0.7489779898732518,0.5162180224914001,0.4426265955714843,0.5315755485215672,0.3967878069380184,0.49156541648263996,0.583704685983542,0.6028797972261781,0.6335855854618995,0.5777021172618584,0.5511670039632302,0.5201029835927535,0.47535709150232225,0.541580474571405,0.6195355862899328,0.6105846706000191,0.5872312577729386
0.3062562259605218,0.2381545645619505,0.5373978385049325,0.5305391781508075,0.6360522794914811,0.3763070692978516,0.4341868350551179,0.43596078912653335,0.45834854275346126,0.508631177149619,0.5139819169786299,0.6609814392984827,0.33962169959611277,0.3456390415441591,0.43891668173130305,0.49884584265752574,0.27106424310047084,0.2851487324498483
0.7813009177177083,0.6636853438702921,0.5814504116199548,0.36975720800727396,0.7569323647997821,0.8594938727641779,0.7049310802573792,0.27615549833140773,0.699361434651478,0.31009758848500746,0.28898562115582194,0.7886219696233125,0.2577281497949625,0.20285144703207575,0.26546288544369134,0.18397074848883754,0.4877003000098339,0.6675877584331507
0.741495464594598,0.6301802857990548,0.37501669825478334,0.39241278305906535,0.7421470884048789,0.7051986660801788,0.7036773267640024,0.42788371824320404,0.7221146229357269,0.4191387454218729,0.4285718904169886,0.6624369079233838,0.38431177135818473,0.3537791610708471,0.3402357138031167,0.29520765275556715,0.5962959907269203,0.7444896237754257
0.40754505545592,0.49857946963041977,0.4681732845334947,0.731029854315147,0.4259087902342087,0.3016183729489432,0.5708391808560735,0.8563229954628324,0.16646452420004643,0.9024713589573603,0.8822904513427385,0.21139748085177912,0.7416029508652824,0.8258327894451487,0.7487223764646034,0.8307850539649833,0.792708575910577,0.566494208750064
0.7743828376487986,0.700463709161026,0.7608037205847626,0.5988543476699633,0.7547920156227665,0.7850748717336908,0.7145755533749534,0.3459980398888459,0.7972949382038523,0.47451767317728466,0.45299141831258805,0.5469049951104246,0.31768723693564493,0.2776351547954122,0.336743533974452,0.27113815208634806,0.6223736241599094,0.7528809022811718
0.3388433804262153,0.2403226026247245,0.6732420041372023,0.6365064223399344,0.702628437932787,0.48421538766847316,0.5290145763962273,0.4252056666535379,0.6806471797032039,0.5191973498211273,0.5448640730590197,0.6889752496587855,0.32790876976189365,0.31025466611754077,0.45312398662200937,0.4415762156061922,0.16164191308324094,0.2200588580590903
0.7310848070182726,0.6832608763610473,0.49876796639924414,0.4088893807065599,0.5962571710619498,0.765565419959318,0.7675234267642375,0.12821030543239442,0.7079819704741763,0.21008780896609158,0.1802163875796008,0.6052374515079408,0.11580443310054145,0.1562386630171954,0.13031077002975988,0.13401201613908031,0.6388607042310019,0.7442184298283503
0.2395767264661327,0.3400079978342134,0.6898757695760827,0.7256943640583495,0.3582000430227412,0.23630870040344876,0.4607376195561308,0.7940294058325346,0.28311348942191117,0.9064322225971357,0.8584293667294873,0.21379008997932702,0.7200307271424722,0.6886537782721129,0.7941218043054916,0.8617025350907686,0.45704998787602014,0.25241709677575086
0.08117880451869686,0.15241045525074948,0.5585877830397012,0.6629016432837402,0.2789955999520013,0.15903829966321403,0.3689696678979484,0.46105804416855467,0.3094211616531255,0.5597598883161241,0.5345077310855721,0.3207124817617346,0.4566802999796902,0.4924897736096085,0.6110978903986397,0.72923814451278,0.2484516261351204,0.049112049743348374
0.7270974526500197,0.7564253905031237,0.4433975556308378,0.635139637637733,0.551184321439478,0.3936718731633331,0.5491754419899988,0.6242979454358419,0.39383444566975045,0.6584489304515941,0.6592981702557599,0.45903435733195463,0.5266911885059851,0.5715266313367535,0.5574627661269496,0.6373395544328828,0.8181888330105143,0.7611239137267836
0.6014597626952304,0.6834386730543358,0.5400363658020204,0.8936417174423901,0.42206406654136797,0.6291244118041677,0.9140269474672258,0.5166124223581525,0.7355159121109858,0.5623341013710397,0.585374241765539,0.25770777361031527,0.5498742422899863,0.5805083582858628,0.5912655465938799,0.4843602912571989,0.5880218952115295,0.4919926623451969
0.08886770034493374,0.23890561990178427,0.4968273050482819,0.6207934031942974,0.0881318349835416,0.03911492616302148,0.29923730718159813,0.5438136764797712,0.08145783589770161,0.6197388605586047,0.5652257300291419,0.10953001359181358,0.6075621893671681,0.6994317028759034,0.7339278378602243,0.8793527944178425,0.48284710596781144,0.15424697496217776
0.6446583569191565,0.5928402039703615,0.5779445022808423,0.7331967650148701,0.7215895027687294,0.465613378071307,0.5839467294834124,0.6901806886537363,0.6918793263124847,0.7290289596655717,0.7699921925766633,0.5956024933435184,0.5322319913018245,0.49836569721893836,0.5906682019694238,0.5714898262075188,0.45767632088513777,0.4891592281758763
0.449816742396718,0.3001266928566957,0.13010667052562752,0.03824338738885613,0.4054659807277605,0.3633578647721838,0.14709537777471393,0.11736451218058741,0.19564933929947337,0.07125707503318623,0.07748884892584385,0.44955519305394565,0.17846540302920988,0.18133265479709998,0.13679914642375612,0.09516665604845942,0.5806377776107146,0.7616871618777581
0.4598757555640943,0.3112844258726626,0.30297533443053837,0.0682743809012365,0.24179298300868846,0.31995195418277556,0.052814865113229637,0.12255003361390437,0.1720406289082148,0.1298393953897541,0.10924622718947341,0.2197856926151378,0.24959998728107413,0.21652528207283878,0.1937360330799529,0.1390273487783622,0.6037865349796603,0.8024577852785217
0.357339966360397,0.3519092568828217,0.3185740511380275,0.5605488030061934,0.3443414269951528,0.1876598999622825,0.3242889437126406,0.396681582208236,0.37748335863659443,0.41207564216229553,0.43616052054465904,0.4498472295214957,0.3817739680860064,0.48276043241838146,0.5019722106567635,0.598229259678215,0.48008848083290556,0.37867610829119425
0.22982370662583096,0.2588970765929335,0.41055104087562055,0.5133476036837918,0.26221629350659725,0.13424037873746864,0.2601597251834509,0.5313109799232243,0.28468352802586105,0.5519875180342526,0.5383933774898735,0.33700407509437613,0.5758524638923515,0.5607655527817921,0.6873458256641238,0.6939997914947578,0.38277663626170644,0.24987247871982343
0.6383794566812145,0.6225951070633526,0.5100737505889663,0.6252427440925663,0.6240033558927063,0.6007578782533329,0.7258276733933515,0.22600220901527324,0.6450300812357361,0.30510775368987497,0.31266906970635056,0.6272824182535415,0.14975765378728156,0.2716293519296879,0.20308848049456985,0.3222622265392443,0.5784835169523868,0.5920298255741026
0.3337773738250692,0.2769380820219156,0.3629969573325931,0.6714577928718644,0.46730983654311076,0.28954962869214773,0.4210418728466667,0.8489686244615318,0.2844085918625425,0.8272602576447106,0.8701881068796853,0.29549292298266283,0.7755194775189613,0.7575250971544172,0.8019836366884223,0.7166301367339916,0.5396370553105532,0.4603010871897748
0.1877354114297184,0.28826371727465494,0.5033168845981097,0.7503026142288722,0.1622396429447841,0.11651681081568865,0.3689974131160447,0.7611915277080625,0.08068254879096637,0.8173796558412623,0.8005161697964107,0.051519493454461385,0.7810425557275227,0.8941840808531771,0.8617885160654626,0.9067901449994404,0.6462314396416209,0.3455050275120244
0.26985025111635574,0.2893414304466193,0.3661385947081537,0.6312724955451605,0.23804791717623774,0.14027711634612672,0.3037631081642025,0.6772689961029321,0.2666334781595481,0.6685168442967429,0.684776773846036,0.21745184942770757,0.7247615280869488,0.7381794944191507,0.8114142292696971,0.7518934827798582,0.49429646092436275,0.3340936762998701
0.7555670402343705,0.7175896905919852,0.5189011383654272,0.5206677394983847,0.7164763346674243,0.5640948223278666,0.623762458118065,0.4686586354087334,0.5053505700588743,0.5336414300749697,0.5227602572586401,0.6472103207076632,0.34693438159059986,0.4001902408719788,0.35970277547808704,0.48348741501989423,0.7280079872146008,0.7873288227424169
0.744491058973768,0.6544199048492052,0.6298045145411812,0.41913538584015875,0.7979944678366782,0.5915733739803288,0.5551547398206269,0.15140947631355617,0.7992940111258888,0.24823261680249198,0.2387239101147658,0.977861581950614,0.03295400258792858,0.10485599312145072,0.12545867447884462,0.23139765702602566,0.4032798573248919,0.5531274738031349
0.08969768255022481,0.2400015280743999,0.4990822161143478,0.623248404224193,0.08939934570740538,0.040788752905468684,0.30183038291033837,0.5444924266510245,0.0830137130700268,0.6212165409515138,0.5666385032240076,0.10953245492946717,0.6075113483677523,0.6993648171312725,0.7339116297625115,0.8793384123762773,0.4827338752934043,0.1542904919607302
0.39053733423058723,0.224589639595987,0.3193096859245981,0.07913485363783046,0.29165868966543673,0.3099087750516354,0.013412860434072194,0.07471900841347334,0.15447116385184723,0.10279779169905279,0.08590119604279622,0.283529388597626,0.17562649062640023,0.1550893308052595,0.1608794921724137,0.10053060807857306,0.5419875654246125,0.7526339183504978
0.08933601324156337,0.23952706297902826,0.49813570366912074,0.6221930643345237,0.0888299706437723,0.04028686405070969,0.30057126544712087,0.5442852160617566,0.08248285293772506,0.6207019862819501,0.5661111442399509,0.10946035730142922,0.6075826157477868,0.699521798677734,0.7340020158340854,0.8794139875020501,0.482926474223045,0.15420941201357952
0.27402907827691647,0.2977952163282074,0.7211308978389299,0.7916206067830429,0.5162323253864474,0.37357774203210425,0.5627518076308724,0.7285004519127072,0.5361664691694696,0.8347585412339689,0.8260305338665637,0.36888566271866985,0.635660977426274,0.5738118383177115,0.7268525160297901,0.7126266259751848,0.2777709767875405,0.1831302356167932
0.16280607619105847,0.24482661975519426,0.6454694856576335,0.8356919720913663,0.4468985489870849,0.3381722261775679,0.6218209057009814,0.7943939916174332,0.22327505512199552,0.9115383215549266,0.8874820992675425,0.20914803589772313,0.6767663844561671,0.7481087578617844,0.7291045043478035,0.8249262031507527,0.49195976053645074,0.2620545230014184
0.3434024623219677,0.2859392775709433,0.37442750377911693,0.6853701770134224,0.48011336060635945,0.3060685784370958,0.44132502675235363,0.865635414193634,0.30223186893622467,0.8442461874866043,0.8882102558000446,0.2947414356957272,0.7867477918449253,0.7608308940058963,0.8100009514369284,0.7146528151518468,0.5356486034401968,0.4598597741678916
0.935898438318601,0.8177351033988485,0.6521492942747624,0.6616746241675164,0.9229468192315882,0.8147538532434009,0.8233200052300815,0.6671594278108499,0.75798069319693,0.7182417500174367,0.7497184763066773,0.6295145040548287,0.517875379879464,0.4460761052325782,0.497769197163036,0.4243328546951932,0.6894470482214852,0.8654684808314324
0.7947720831075987,0.7403142745442244,0.5016043480201602,0.556681513356855,0.6777452731182312,0.48665609503064555,0.5233987252902734,0.3254212812843488,0.5167834356292103,0.38980330256627505,0.41201467171641126,0.7130834050446124,0.22260274663698032,0.2954881780223902,0.30651439334401887,0.40535363875665964,0.7009886487172323,0.7741837375285963
0.16107778183143007,0.2504150286728062,0.7219913094520685,0.7826674464504935,0.3553515336386297,0.24213740661424277,0.47754443899411925,0.7202474061038338,0.3101382094606726,0.8517851116439157,0.813865153607833,0.2246347214676021,0.655398735792041,0.6428351713169225,0.7603124404796513,0.8385590102571969,0.3597986541348692,0.15275773255819147
0.012263059639481155,0.058509242349144897,0.5450208031329424,0.6565092769468759,0.2890279528395152,0.15660815061760003,0.3514954774095358,0.4952795397791606,0.28098344065632475,0.5846348443955593,0.5673621021186226,0.3115535621588592,0.49422247514951856,0.5207550939842498,0.6426938661741923,0.7267372820310563,0.18917869558375,0.0
0.7369005538189067,0.695377582104356,0.5341877320849604,0.5826429978447463,0.7519581151742967,0.5116591374405792,0.5954837115417546,0.5372830799546582,0.5945537870574555,0.605617015368449,0.6081876543697593,0.6741588618214294,0.3787849362825628,0.4138854108847548,0.411520953299775,0.5260596043013539,0.6276191903947079,0.6793600665333073
0.5590912813104701,0.3966377954790201,0.2698986967824579,0.14431776843931932,0.36036443649391425,0.4127906934242698,0.16830098195991328,0.0877963143354028,0.30749367115601656,0.09006820867811216,0.10578314494139529,0.2788613067440624,0.15438597787366803,0.1404926092208068,0.09557600858652582,0.02995725420284201,0.6583254431942966,0.8873137261552175
0.7243939440375252,0.620297300744993,0.3668808602780955,0.37574121872252286,0.7274325822013312,0.6989726717064979,0.6980270106142554,0.4240136485782291,0.7055343787314632,0.412299324922883,0.42193918192601565,0.6579739213539832,0.38359571674614656,0.3569675124942581,0.341445902080159,0.2969524422535985,0.596480550595156,0.737946434908967
0.38171458415594806,0.32782608080529796,0.36023874488690977,0.6440757615377364,0.42947819903117535,0.2686681917014777,0.3784772199999886,0.8313845814353429,0.2941468942077363,0.8033197140206074,0.8440173211556496,0.2881253041760148,0.7859385368987823,0.7527388051527961,0.8182479415580945,0.7159906831835063,0.5691911839649666,0.5030760062580446
0.7649944351793215,0.7370331539817983,0.4721946741289651,0.3049210718039759,0.7753813893121897,0.5224632817921746,0.5542194467606403,0.29789917542690403,0.8570132144610851,0.3299388973519253,0.2918891314220746,0.9965335070045269,0.1889170662437223,0.20151266061459877,0.2051587275723863,0.3052923201722746,0.39552731102097294,0.49148367262575854
0.3785773500162154,0.44188081985591876,0.12014704827363687,0.3778048388114188,0.11014589268638963,0.06870537095111118,0.20911472775649065,0.2061541794530265,0.1637602535895084,0.17004783576467952,0.17254800598625497,0.3648217906709612,0.2781172563111496,0.4438561531075202,0.40462286567944417,0.5212843308623094,0.682126569892257,0.4988218103274733
0.07964294077630629,0.15024744277042723,0.5536842522128604,0.6573665567762852,0.27603301562560856,0.15511345243295294,0.36329332181358565,0.4596724646488033,0.30582359750609145,0.556801812512328,0.5314861574296659,0.3206864944828385,0.4567250013755584,0.4925636425744428,0.6111010672573896,0.7292221939720018,0.24849614195502978,0.04902660960212901
0.3567150984441555,0.4094364502768928,0.1752649716644763,0.41334169201492665,0.10609617516024272,0.08887595152584282,0.21410267315698217,0.14534049721175368,0.1730605828442111,0.1308383296642417,0.14155958189729678,0.3652825430577977,0.20764970739195165,0.37837335798976074,0.36590943083282856,0.47583167924688685,0.6463081166331446,0.4764478450669205
0.2757222516748322,0.3874592095163263,0.44733506730587713,0.6571576002110895,0.23250314463762067,0.10787685951889614,0.36150323744307356,0.7006080032442346,0.23236797158400613,0.7423983961181613,0.713833735648084,0.19552642486198346,0.6858777604375437,0.7496040336863454,0.7653775415757553,0.8597887718955655,0.5615112204117303,0.30428450599484136
0.2389985353106484,0.22981865637385646,0.4056090717249541,0.6210503785188886,0.1411916808542515,0.19643046555256527,0.2830831646122731,0.12089130050014607,0.2793040164798355,0.1557727704060332,0.21230089929579776,0.30873894190597806,0.1999660856037726,0.30875043158310883,0.43981064604134423,0.38919298807744873,0.40715813708421367,0.3011228378659163
0.2718405367745288,0.19853638982043975,0.2206535435765744,0.611810089772149,0.5680321191777378,0.32159016892767767,0.4889402073888527,0.9483877759349051,0.2734864296166024,0.8748806390308987,0.9229690575374074,0.34720448573990215,0.8169125949196097,0.7894555425012326,0.7890632998463758,0.691877729427884,0.4841189837471327,0.3987228226820334
0.45257195365572633,0.3029062661553481,0.1349839340762511,0.04355444790100327,0.4252583728956141,0.36785921449598424,0.15306536935730408,0.0954211031895762,0.19965058484544507,0.04926359798214919,0.056606413041006665,0.4745722317773202,0.13811805041043979,0.15859406431957507,0.09582279788740244,0.07192719915430912,0.5805414053171625,0.761818528149588
0.3902542788464204,0.41562738423521917,0.3412643427460189,0.6011661707318452,0.37064178574576956,0.2302340977060049,0.4022068915110939,0.899334015482752,0.11022876708942864,0.8845040876512507,0.8834095157143622,0.1991023133629808,0.8338492849627881,0.8596849610389998,0.8279123672905229,0.8177698697019296,0.7877146350533939,0.6249027380271128
0.4200076601403774,0.35372630196096244,0.7174794670594049,0.8130006858350445,0.8448744684202507,0.7912382186340903,0.9452870018658479,0.2571369240996505,0.8382961322284785,0.41315465604734536,0.4469575360540736,0.681098581601274,0.13102175236123148,0.22142844647334176,0.2169591552069734,0.2772659215932778,0.2750494576718614,0.3258983105717479
0.6049551607781926,0.6152846818395186,0.44510415121930746,0.5933276511203909,0.5644162413261407,0.3930863456571747,0.5412506684124239,0.6496762250545436,0.5145979417159356,0.6795308755122422,0.6747872851054884,0.48657287105056124,0.5495331399671057,0.5642306020492918,0.573378454007377,0.6364526924792993,0.6170738422505655,0.5760882215579719
0.5660456062083415,0.406555600725369,0.2727673769412724,0.1380727474245642,0.381525790053715,0.4303203914941869,0.1875858241644095,0.10381139487306357,0.33171091643594774,0.10409017982182878,0.11676052224036537,0.2948056631178875,0.17149778497141888,0.15036733531048335,0.10700793708087941,0.03934853515253933,0.6601354825187731,0.8890505444414738
0.45974742959664916,0.31135432565524557,0.3028928876155401,0.06816910383407349,0.24176616024945874,0.31996310732381206,0.05264728427543819,0.12261226151118054,0.1720092979764769,0.12986297055839602,0.10923592797737158,0.21976423129939304,0.24972547653348198,0.21657627922751704,0.193870245397191,0.13905126457331196,0.603879374559759,0.8024694495038158
0.30962375395474384,0.43045883660842343,0.516483329027408,0.6323920273216235,0.36164554062160614,0.22876348761184762,0.4837652113497497,0.8854855758738867,0.18928249933784125,0.9520312712769894,0.8946167950419812,0.18144940674412746,0.7781950686417409,0.8234770579516824,0.783838126609274,0.9048843331228473,0.6715919037309834,0.4232635108328948
0.734844733825489,0.697658802869658,0.30017904436664056,0.47726609315436397,0.7036740095644334,0.4418987402587602,0.5295115481290282,0.8051346078291468,0.3029015132695405,0.7692170230999549,0.7769633431241467,0.5303464356306675,0.6475798059836335,0.6244592023782698,0.5954086987999019,0.6118891487153248,0.8528083108731115,0.879782811498611
0.2520854884606719,0.3397389080457096,0.26940688665378376,0.5179535273220304,0.0828450322965244,0.0,0.18963110116396553,0.5580280846693144,0.025822380784380705,0.5504729551138878,0.5338421970148606,0.1446627581479103,0.6423499349363195,0.7756305856873131,0.73840220641585,0.8275592995731813,0.7138996259718862,0.43540385684888405
0.4213782289062703,0.47450219059842125,0.2020251912905504,0.5432115597283356,0.36335160836815983,0.3259524460961267,0.5332524343845697,0.42484141656360563,0.22296814079140104,0.4172376266559197,0.42222171479044013,0.3553897786738587,0.4202007785212616,0.5761095190572125,0.44921414113999636,0.5456186368912959,0.7606364718261707,0.6008431805256471
0.08296225144380187,0.13012226237241498,0.5176352376339426,0.6351360669069623,0.2831371858060159,0.16226379018351356,0.3447265763837257,0.4737427048633821,0.2420761980291366,0.5561356629152778,0.539534204249505,0.31225461093100004,0.4784391987838166,0.5221853336483138,0.6212140500737005,0.7135064347297422,0.29476738467620134,0.10932177666069887
0.6790833152175554,0.5590798351839972,0.6276475437813853,0.5282996102006114,0.7260447501019003,0.7438233015165605,0.6204353331099313,0.23346510839424917,0.6814051118497604,0.30181592720673533,0.3050970842545322,0.834371855110992,0.18392481796760485,0.17604076566848686,0.2923212346474511,0.2168740068651125,0.4097108232522446,0.5553899510076981
0.7281090823889916,0.6940442484006137,0.4758070672437955,0.5020888154295675,0.5817163781394841,0.43676727741822186,0.4786198541019746,0.43321715161777696,0.5475799855482695,0.45049393325088327,0.45233883761810656,0.6426338731816801,0.38434458227689494,0.3846721577781799,0.43327182499444206,0.4633070289442096,0.6168704775309293,0.6697130797398789
0.4384159151127932,0.53372705195735,0.42627511214154445,0.25504793097098943,0.09544529920035205,0.1951077994181345,0.2469327312163303,0.00027482458339023186,0.29953526480788417,0.11429565047214019,0.008189797063063331,0.41677001531147173,0.02606345174170699,0.16203655744013085,0.19890697357481613,0.48169154127179437,0.6429329620141015,0.4942962611747741
0.7338865033142478,0.6121374426558694,0.48302856905360825,0.5612661262631469,0.9203631314455236,0.7125653320002021,0.7506108801851985,0.6891381448283977,0.5916467512445571,0.719767116863131,0.7429248154981272,0.64520525885211,0.5004135691914009,0.4844102562932375,0.45318601221806487,0.4716386972534885,0.6607038528728533,0.7985023451036293
0.9258265144098085,0.984076797852321,0.6639845597794629,0.39389298995684996,0.5792428174885826,0.5205398278311852,0.5532940206328019,0.5785271666843064,0.7603893661392065,0.6598553735431383,0.5704424058463218,0.5948433006543585,0.5300599840938023,0.4244150793800638,0.5378911521009799,0.5817199821405974,0.6847729578126651,0.7085698840415118
0.3278700608588766,0.38951752617204405,0.31927064364695124,0.6620647500947205,0.32589869765985835,0.1861455896878268,0.4318163097270955,0.9174879605605235,0.15719438778434602,0.9024531912132001,0.9012493984593637,0.15905897390094892,0.841310519019431,0.9217278413881749,0.841758121627262,0.8640717402050648,0.7293014476490425,0.500789658522391
0.1674160346379726,0.15827937193627828,0.3892292661640493,0.8213598937756372,0.6126629396351244,0.390080542588378,0.6838638607113983,0.9460983943217087,0.35992752131901007,0.9492635480030522,0.9863777782186007,0.31781841308928205,0.7567798362686009,0.7948235239632635,0.7524888088884301,0.7319746263679519,0.3793336040346329,0.2136507570788071
0.14712983306304694,0.23052747419086184,0.3773080957785666,0.59834325589632,0.2247645835246821,0.10924427725318386,0.33976400691043107,0.5990058219726653,0.14279959824896427,0.6291515078680876,0.608001592191588,0.2201724729705572,0.6152071496869438,0.7050606035936076,0.701242834602104,0.792479375594888,0.48861859705974653,0.2370779380981547
0.7863495765061103,0.7257072187367672,0.7300888815277999,0.6391341817687097,0.9047607072326798,0.8296169008497265,0.8123730474126956,0.3885357748194761,0.7557097925519138,0.5127685888898212,0.4918083822302066,0.6732534151311047,0.2945190095086,0.27266894995054575,0.30036349676345697,0.2691235186298122,0.6559041033355044,0.7635038618438803
0.6220634245496027,0.6259422160132075,0.46961569986290685,0.5845255688338287,0.6406689983030536,0.42397165163912565,0.5680730136061749,0.6337673461262536,0.5546746166140393,0.6736698937424832,0.6664034215374026,0.5644893631424137,0.5013526859807265,0.5134108933811841,0.5220366383989061,0.6078449256138436,0.5810370433891603,0.558928757827887
0.8861298517298531,0.7748124723243293,0.5546400022895672,0.21725004776337808,0.8960004055575281,0.9773027554950313,0.7816900153331852,0.43132730504803274,0.7285111936469839,0.43225569575009226,0.3873820051221164,0.8464111475324338,0.40035060000762335,0.25954146062890643,0.3301492925624263,0.197566816592466,0.5981331484904888,0.805262689215203
0.42780791264290363,0.48804256375587207,0.5504922716063634,0.636309209302047,0.35139055578038314,0.25977196344242826,0.4162174345723715,0.5415024494449443,0.32231694914907605,0.6227800711619291,0.5981994118366498,0.3346989881914184,0.5230702870840926,0.5529657453731549,0.6247724317406997,0.713990703835345,0.6000866782742198,0.46470141506796003
0.2995707096541186,0.36590023740841104,0.2382162027467838,0.5117119190645503,0.09404194005374866,0.013126880184259004,0.1813713129878778,0.5469919100382672,0.07680158657750402,0.526396723682065,0.52188671674927,0.16779797677841346,0.6349912680356888,0.7619376613209534,0.7313025134258431,0.7981013856396644,0.7186456153405463,0.47701842366214864
0.3585882611984722,0.4118581884018553,0.17941246631792263,0.4181435184648272,0.10865592439047123,0.0923309757892965,0.21908333481086606,0.14626540180424497,0.17634702075857067,0.13299361235637197,0.14394056187142756,0.3652092192758045,0.20770271211051583,0.37847066967838133,0.3659254427707539,0.47587264104547544,0.6461968113336451,0.4762604345973849
0.548219054854482,0.5590954780193187,0.5172066819593581,0.6119786767600677,0.5060387330694389,0.3531335141047811,0.476428244088968,0.4978382740483761,0.4575226933425163,0.5676143373597176,0.5621230747686883,0.4969182516835058,0.42658613948510316,0.4662428584872507,0.511321351157231,0.6089012119608195,0.5857484326302427,0.5348512505043859
0.3693217850704992,0.4270456781238068,0.5724430982365178,0.6561956294286224,0.3992847730416058,0.2523183400333524,0.42248381065126495,0.5439509443112753,0.2810931503715608,0.6410973644489075,0.6163891178751704,0.36779420369104443,0.4871158138475744,0.5257544116569128,0.5932887115761023,0.7229307721894376,0.5609750727419358,0.41293228100667445
0.40487378173352206,0.4203547034313124,0.6763464055297606,0.7289432368391218,0.6635582522200136,0.41815134423188827,0.6000511992271678,0.7273841183595207,0.6172146393144744,0.8186303967549817,0.8090674721924644,0.5277169807091338,0.564793381346596,0.5063723502564295,0.6273371470504885,0.6583841552359333,0.31039540299741963,0.25634542286695106
0.7404268527207,0.7558556142289028,0.6066617183190068,0.4216599080842198,0.6070910238609424,0.44274236110178444,0.4875318132454285,0.5632850408111607,0.8288517450309967,0.6146698721701607,0.5635821705803903,0.6823407729591746,0.4904945793039699,0.3937755050701975,0.5282263104565192,0.5471790440267192,0.4408379303862384,0.48192456842433384
0.4966659084682311,0.42420623547061975,0.7155305260267779,0.8028428551462938,0.8519388777708412,0.8145350978769392,0.9618424010836395,0.2461829587514871,0.9126477313404093,0.3942086075625211,0.4303381090937439,0.6997511867342581,0.12337791929672715,0.2099472712231613,0.20374329576804162,0.25426959031088736,0.2975363059510667,0.36462083819617974
0.178124953490726,0.22029918393344694,0.4914380211583671,0.6218857769802617,0.2591645441550272,0.1459962232237415,0.30257347122893963,0.5413581805019718,0.14829451001164706,0.6120546244529981,0.59715845018339,0.25385903991356784,0.5497778471334027,0.6090585098147128,0.6716098912934689,0.7632165766265113,0.488832223883211,0.29777353847541477
0.2750072070598436,0.3864887807796833,0.44565194735499514,0.6552947160656393,0.23145573199040248,0.1065055393312111,0.35930072250137,0.6999418223957652,0.23107030017803432,0.741216713367238,0.71256292810962,0.195545606150068,0.6859368853053418,0.7494923351138405,0.7653827487276335,0.8597463377597878,0.5614877222138197,0.30423355782552863
0.28997068048822394,0.3803476693501855,0.6434178534255754,0.9691241305078959,0.4103135029077791,0.533882202355028,0.8444875311973434,0.372909298375967,0.4133677936575251,0.483941791409096,0.5128306303610448,0.2654529267307051,0.36953715617934435,0.4805310728647881,0.491931592809165,0.47198523452650765,0.4570228304712669,0.2850458794834352
0.4782316348432193,0.5133062232494681,0.46295067686237656,0.6421830066694061,0.44186569040098145,0.3381622933620201,0.5127181574096329,0.6935195240477492,0.4046011300315673,0.7321277577569589,0.7224349072131764,0.3366814540864145,0.6359874637042096,0.6604930233604265,0.6715835230717926,0.7127243779517543,0.62355200445455,0.5198208486753455
0.64432037630828,0.5904282294939782,0.21287475059079863,0.6278247829662478,0.2994907959137818,0.34599327269064695,0.44046322537042615,0.23183678012190934,0.4044036405975513,0.19722128906219671,0.27809417611172615,0.37995670366812195,0.271348883490068,0.4089588568381273,0.3720909685207776,0.3472621745646922,0.7664011094687349,0.7466570270111039
0.17985243074668722,0.2225226496467827,0.49586039979439134,0.6268443812349624,0.26191982059155183,0.14939372481732782,0.307783045007215,0.5427843017358034,0.15138462935757646,0.6148639349715335,0.6000206818988834,0.25384854396338685,0.5497930541341443,0.6090079503254415,0.6716490680744545,0.7631724026482671,0.4888698343529152,0.29776462496031586
0.24648179368585288,0.22858260800089814,0.28019501284864434,0.7239297986659539,0.5871476401622069,0.37394723172605593,0.6344150695534063,0.9431059196314266,0.34476078274667366,0.9023753445211253,0.9408169551862562,0.32730012803157726,0.7839506643482932,0.804313181486261,0.7582950454441626,0.7089674768393288,0.4614423793880744,0.32153798492080843
0.8673563417774136,0.7905571123886821,0.630738738263338,0.7163339109178106,0.8553571124646646,0.7731592707205914,0.8463507022847065,0.6548078048854542,0.7036854489638777,0.7200687944465594,0.7447780112890419,0.5676677578645897,0.5107306431940732,0.4776021134085699,0.4992822638511276,0.46507990687124656,0.7088273729412149,0.8216951954930138
0.6926961281842775,0.7888238567972921,0.7643301741026973,0.7043379301307664,0.4209131027971369,0.34654798457689306,0.47555351173517213,0.5518081183008774,0.2957512294150657,0.7081059835283903,0.6559477762131327,0.341075306898144,0.48540535110522587,0.4968866566022547,0.5964338938621556,0.7523259144282575,0.8699555567317632,0.7481145238876157
0.5581912435392163,0.3958848693654107,0.26855289077508404,0.14287196750168896,0.33958244150370853,0.41187583738734546,0.16635305779468723,0.08382121102811935,0.30642174733003147,0.08388107601987649,0.09979248282887543,0.2634980382312979,0.1553308675718229,0.13953568231366337,0.09258726894323899,0.025598266271669057,0.6583995215388494,0.8872266283257146
0.3947049059965767,0.2333219161515645,0.6901300305014026,0.5831275499540443,0.932508560831877,0.6233409786786512,0.6250629467583897,0.5400033086266207,0.7844437687306463,0.6234500267773511,0.6521509675039838,0.8094671763830543,0.3629938840357798,0.32372525586222406,0.420294807695478,0.40845629011713047,0.13926199232221026,0.2758949217639446
0.26998150592298076,0.3758918058546574,0.5146946375846695,0.630484105244157,0.39283422444980265,0.21454647658307024,0.4612118217016148,0.8528613800705016,0.15009070990188,0.926428232757819,0.8745072322968541,0.2193128601471368,0.7267911577250079,0.7792895590273996,0.7435228621600087,0.8929095023040867,0.6431264225408537,0.3974745238137878
0.26829562510968985,0.3398627459308339,0.6648813599922723,0.7199065901189448,0.42050400103049257,0.2667230474948701,0.472384686423438,0.8140505091033443,0.30993744013247104,0.9153509685304544,0.8793208974111644,0.26071860865864527,0.7130138542303528,0.6793178788637124,0.7765068845147187,0.8326961499451,0.45704664156057717,0.28669895686456703
0.12928155934630248,0.20148204179259444,0.3626292397906319,0.6036464932373691,0.24691602886525565,0.0822215102751036,0.3086115308085944,0.5736224568028871,0.0935132103816243,0.613558489539809,0.5986955411217556,0.24641008092600858,0.5555723368147507,0.6817179797316675,0.6509987991395856,0.8055437435626387,0.5158640553466756,0.24983901600040026
0.3529078278355414,0.3875820272383055,0.30426502184193094,0.6363606625529163,0.29306898596541076,0.11254859511766702,0.31335047570682883,0.7148798485968342,0.274854778995806,0.6999378226242083,0.7175174627062679,0.26780481891118013,0.6844628457631696,0.7577937140803526,0.7528421026039389,0.7922791676791849,0.5912828011525006,0.41067580152489125
0.2017961473175821,0.17995319492384487,0.21001293457640102,0.4565403093337488,0.26001532849557507,0.06566361514696606,0.17487020482997417,0.7102775318455163,0.22347878954769174,0.6529651959550209,0.6685231302726091,0.28936533889395655,0.7388175251173048,0.7375113814143721,0.7928708724264792,0.7512589179268121,0.4316584335043052,0.3031026337101488
0.7655201493663429,0.7151622341189259,0.49994914374128063,0.42503834050238654,0.788905748205291,0.6113336742550222,0.6513915438233195,0.4363191489742305,0.6179848868643769,0.4874625140657438,0.46504052143874763,0.7703943258355077,0.31083824190977816,0.3365144712398321,0.3022724546428326,0.4098415271727682,0.6258945705555521,0.7206886536201873
0.7405203270289861,0.7151967581168659,0.49663438899953816,0.30909628209561246,0.73875047208943,0.5232161719474915,0.5471055467911281,0.27428024729189915,0.8358623609315385,0.31837155367227554,0.27581320132711173,0.9588828406472916,0.1814520311308967,0.19319779208191207,0.21204450314280132,0.3050663902864321,0.39530947041637,0.487476461366547
0.3821894315187332,0.41915028175412083,0.43446764418253814,0.654131296093984,0.37031848042233606,0.2423311192727695,0.42039495991319065,0.8750141188516554,0.10508420957874609,0.8950514185981511,0.8881275498464549,0.18874053350194386,0.8055121870764803,0.8366199864405668,0.8193788772418151,0.8295554269662175,0.7814732605284045,0.60712086479665
0.5585930747522331,0.3964184659305343,0.26934258609869266,0.14369687699100675,0.3600214768442107,0.4124903434433067,0.16712926902344893,0.08768556650063519,0.30701611047805555,0.08978884990722502,0.10542991098059651,0.2789070169109329,0.1543943245687892,0.14046366472540478,0.0956305960736159,0.029916576910781423,0.6583920480645775,0.8872664176302942
0.4782104991367905,0.4528878564868313,0.18771217862154677,0.48653850146872735,0.48841440929589797,0.28041423380653274,0.40360667381282944,0.7521506492023302,0.13967125256445723,0.707090364722885,0.723170383146829,0.3692869983067617,0.6648414190938121,0.7275539981252357,0.6426783582939395,0.693463925601812,0.8297175791007272,0.7483584218083519
0.6684893585862498,0.6737133046821995,0.49613455352030345,0.5894087378365964,0.518117735157887,0.5938087925327387,0.7170728161871498,0.26018106798030816,0.7062661986342658,0.3310336478141973,0.3260459074241171,0.5303578860845077,0.2446799460936837,0.3137354828538835,0.30501038256705515,0.3426030947277754,0.5857210357677938,0.5909362864381134
0.2677168658706274,0.3771375689252132,0.4321584751429577,0.5017665153876143,0.24522419193595524,0.11040077582119467,0.30490203691312434,0.7899946535732172,0.03202618538500257,0.8243558964790745,0.7647442007763967,0.16654482824070072,0.7725958357727356,0.7974777303885767,0.7989233678417302,0.8932709672226893,0.7047764930168301,0.4496924454446001
0.1701723670912031,0.26029870634081864,0.7155268659309453,0.7726502370517303,0.35008551913364383,0.23947681418686972,0.4707287579604653,0.7124409255455155,0.3031066242988443,0.8427716657854838,0.8036973283760833,0.22484201997416564,0.6513359148027091,0.6407744079567961,0.7560861721682417,0.8377684270495185,0.3743393254348719,0.16770158767903687
0.6461796875314078,0.6718852740259336,0.4394701387191078,0.599754611396909,0.5513347463093157,0.3881167827803855,0.5480306402273629,0.6035041976208861,0.49443905192098603,0.6383942485002185,0.631333724246455,0.49349140799553015,0.5089271722964652,0.5440311885839804,0.5397406414608321,0.626854846692811,0.6699771584343737,0.6158822227687129
0.7742399594022132,0.7688539472996827,0.4895511065685585,0.4434256087811246,0.5376547944143477,0.45379156590283465,0.49567765894067906,0.24324513149254545,0.6659561152646871,0.29503340015403534,0.28040280332384415,0.7073077880692831,0.20956699743103802,0.24889607923668317,0.30044647182295514,0.36689200944144207,0.5865335755575358,0.6304878430879115
0.45057383051364985,0.26456797578559255,0.7916903120144925,0.43627070228605325,0.7886524288355272,0.891954256505092,0.6041111452382601,0.51173401499313,0.629846840015198,0.5930342275417793,0.5811899212499929,0.7154773196636179,0.5123545571930233,0.299382152769118,0.6016013710876775,0.3083447665532235,0.1419872541632261,0.3655689469563541
0.3734480245845083,0.07883456721644033,0.801559776370032,0.30535417484942906,0.7170841477509422,0.8033011910535808,0.28759886544381885,0.16061532960403357,0.5141452644848554,0.2965011123571162,0.2957875701098316,0.6883211435823136,0.22822989706327834,0.07441225527497325,0.4250929736067277,0.08664449878868408,0.08273538669504599,0.4284531449681932
0.6693172373863422,0.6296199279627381,0.5645864750168466,0.6086813990325526,0.4886995069282747,0.5138668063020941,0.5564456027444118,0.2682191424625098,0.6121017963371158,0.32026892348423197,0.34583837199311973,0.542909573094128,0.27457289655729433,0.3053290610377037,0.3848984831732951,0.35426681827769,0.5595857474087287,0.6079549175319081
0.3777214948346662,0.35951422003959754,0.4245230837825047,0.8036986993633812,0.7699977849539315,0.5012350454207066,0.7662301086795318,0.8693245849153399,0.37512366266201,0.8970653909895587,0.9308871084577697,0.446211826756717,0.6313193059540285,0.6846387493965598,0.6132829199208669,0.6635260283620514,0.5457557007107152,0.44129819851275776
0.18650538785615944,0.15110614041803205,0.18833635829312412,0.5813659451702518,0.28153837686739336,0.14687528636619795,0.2767900227012481,0.1870682318275556,0.15073834668542485,0.18485119550609874,0.2601349139474618,0.429487100219176,0.17995460860183288,0.38023116315051514,0.35198065683498725,0.43986872696658574,0.4927222895910681,0.3400733234265967
0.749598020840729,0.6872418819229937,0.5092490758002359,0.38834736142939486,0.8563713376185167,0.6223332636132923,0.6496419051890903,0.42074361376122416,0.7046633069728183,0.48037921223417346,0.45046470383603343,0.8521031447141862,0.27841511494099647,0.29392169761394166,0.26866238302303036,0.37610800883911555,0.5325999675281594,0.6467475667585694
0.9560548967679142,0.8372739366237054,0.652678230535995,0.6625928780598858,0.9341666740123575,0.8203639927399378,0.827022237135838,0.6723177358768868,0.7519724078309693,0.7233654813972688,0.75529171811313,0.6344242840818419,0.5173121869625104,0.4463339504820502,0.49511848153838267,0.42437589187107116,0.706789187972485,0.886755004599546
0.6849775561186929,0.714888227069209,0.5478108713990086,0.5432923603986524,0.49775860038982134,0.3758732760586905,0.46702499549388987,0.8178054760785749,0.5369477031944232,0.8441873459178864,0.8141107468813402,0.39219843334969084,0.7483949942768271,0.6414800955518334,0.7542964426437377,0.716020956786392,0.6543855214312753,0.6336814467570591
0.34304114842779054,0.28549012669461704,0.373570293251138,0.684316563269113,0.47943589127695474,0.3056875597532498,0.44030694295232875,0.8652590096568209,0.3014867798088918,0.8436885250091903,0.887582267883861,0.29471951185814893,0.7867275195014365,0.7609061957809176,0.8100472246753854,0.71467694706093,0.535658308702126,0.4600029126998688
0.333022744020098,0.2757209231013953,0.36072872363434527,0.668707779020068,0.4657735901151334,0.28792862807459096,0.4185491425360799,0.8479868314812595,0.28266134908172225,0.8256933597446634,0.8685248013875162,0.29547955804838844,0.7755118627827382,0.757484257267971,0.8020095069734721,0.716609863271362,0.5395828623675232,0.46037692041499745
0.6777218766753673,0.5575880469548424,0.6251694974750928,0.5256620435530537,0.7241940912341829,0.7415562094024368,0.617134609543168,0.23294151272216013,0.679267399991343,0.3004916134556799,0.3037640427061039,0.8343430678890391,0.1839855028948406,0.17604799644085595,0.29232900892150404,0.21683411363464677,0.40970465375295406,0.5552418344615002
0.3171490446884623,0.3316726800714045,0.3568659257683602,0.5793016715428725,0.40718890345505865,0.1996026006054299,0.36301368252893607,0.886877445316739,0.12030956898717804,0.8862984890871146,0.8822599392293058,0.2502403719866646,0.7852001090504057,0.8136798766605324,0.7893697223850031,0.8260724292373258,0.6826720617235413,0.5236414251326702
0.47370174420729405,0.4232688214856424,0.3850804706135649,0.7817795017552411,0.7653909249384212,0.5188682068623494,0.7373897406209196,0.9252174823494184,0.4134905638163353,0.9243474518565551,0.9729368039154118,0.42569314022691396,0.6915415046659501,0.719336302398035,0.6591311569776428,0.6613874787806473,0.6155610422331306,0.5609266147639504
0.5049749982802741,0.4926586347125641,0.41725727508396515,0.6017956321653122,0.6030152525729824,0.44685732695960345,0.5861969370451363,0.6976977820699424,0.2808993950457839,0.7188089557131427,0.722260982057437,0.42839343586827083,0.5997987706938528,0.6083097529543684,0.5999616003021777,0.61377568656765,0.6964070548803554,0.6476121215957509
0.8083081247492135,0.622929156539159,0.32803533453304423,0.0,0.4999721063264204,0.7074937441761069,0.3773016272179843,0.14268199183446262,0.31361003277924215,0.10836333979547597,0.09831752300408425,0.476743855462477,0.22959497384471494,0.14126089474369125,0.1401541592049682,0.031042219452387942,0.6712353956203188,0.9743127780959009
0.43751095548230257,0.5327230353135113,0.4247727377843278,0.25329169790611594,0.09440548573260177,0.19401842133112934,0.24465717271378562,3.2208903166908165e-05,0.29832416979205245,0.1135724440628123,0.007414507549268201,0.4166843873021393,0.026128748760428033,0.16197905674166652,0.1991801583317374,0.4817062571195061,0.6426477341954098,0.4943035373757245
0.7017788563520103,0.6489507632033966,0.58951132420647,0.6286513418947606,0.6918809749773309,0.49757119547131046,0.5560580938023545,0.6225461343905472,0.6730644570052049,0.6592051669970018,0.6813372988200554,0.6088500006039472,0.5198622089037794,0.4542807728170916,0.5740673586334535,0.5210714543233443,0.502733089572063,0.5700946407216745
0.32986793660091884,0.40321294356720827,0.33010754870061687,0.6153375968314063,0.3973371237028014,0.3732933863947463,0.6139964543110765,0.4082330167750995,0.3044697172673918,0.44816623557518276,0.4394025177765202,0.36648573334259615,0.3868385757154562,0.533460239501999,0.4349139331939822,0.5503993879090099,0.6042809024387179,0.43621000485112327
0.34005342225779367,0.5617538735727361,0.6798222523650237,0.5320945324115733,0.12905533090219024,0.14966845309813648,0.3821621918097353,0.8673179702401876,0.3141194756270549,0.9423218674911549,0.8226760342342216,0.05762796333694431,0.9508976812015688,0.787103244958594,0.9815604899547568,0.9494492792936056,0.5257005703456337,0.26388170345188855
0.48243422865422947,0.4232975978609803,0.5057271070975711,0.6013487989110136,0.6063588103686601,0.3989665113669201,0.48066469301241366,0.3207867270278779,0.6119371324440275,0.37921572512206825,0.414546098946029,0.6922821751662898,0.23931949154767052,0.29424004670305365,0.36579714863468626,0.422577903214584,0.354179890815721,0.3746151766148591
0.35858087765648927,0.4239159207999512,0.12718164856128844,0.3859403275655069,0.08894779101774053,0.04183237454948774,0.18170559416841758,0.1730417836663548,0.1323999083066525,0.14091057841957721,0.14765145535238822,0.36389015772570854,0.24161474405205308,0.41556520971629357,0.3895994514825811,0.5147477940972853,0.6750874331295191,0.479861654945684
0.9560548967679142,0.8372739366237054,0.652678230535995,0.6625928780598858,0.9341666740123575,0.8203639927399378,0.827022237135838,0.6723177358768868,0.7519724078309693,0.7233654813972688,0.75529171811313,0.6344242840818419,0.5173121869625104,0.4463339504820502,0.49511848153838267,0.42437589187107116,0.706789187972485,0.886755004599546
0.36872163407402636,0.2711828346660168,0.47566143555208384,0.631336265683172,0.533319291480779,0.4323248228170806,0.4876896058668878,0.2357874463062669,0.5829144110558726,0.2624952787011221,0.3386821375760549,0.6079734058237662,0.22619622582736987,0.2547048164023747,0.38825413739187775,0.2933915764781527,0.25766967069145097,0.2913098334127815
0.5627801781372311,0.402972818244951,0.2665057956989658,0.13161992763150598,0.3771905055812297,0.4246538191028999,0.18028272499370912,0.1026654587372905,0.3266169808093067,0.10100552423737041,0.11345113616548974,0.29481621268922265,0.1716260038514955,0.1503952136602415,0.10704930102332444,0.03937471864578723,0.6602005008291802,0.8889834708741446
0.6263543594780848,0.6442229722245689,0.17707978166502292,0.48392717295704557,0.12087469532486161,0.19024553635720043,0.2734861976249263,0.30755276128047593,0.2460160051178848,0.2574915477365589,0.2940356650151368,0.25516918349664097,0.4351932588855565,0.545792396048919,0.5416960579766572,0.5027125933436649,0.8881800882576665,0.794319938250291
0.17340810427956488,0.2608526756900573,0.6362169923474674,0.8285589857369562,0.4307540593845507,0.335776318325379,0.6216299365178202,0.811434412010444,0.22812098138836534,0.9227778509316835,0.896489619266045,0.19263827221438,0.7006446466815279,0.7701161018370819,0.7470588968293641,0.8334288984401677,0.5071701814208855,0.2744601029338052
0.3470536220251631,0.5639761720240135,0.6759960709257271,0.5328346270427669,0.17356191968601564,0.1508298083328734,0.3847566784708505,0.8255404291311916,0.2664378844392896,0.9076660103792811,0.7909439865818917,0.10875810566148325,0.8772808412800579,0.7284591831157117,0.9179109934829497,0.9287076075220999,0.5490620740974548,0.28792909961828905
0.13352329218508852,0.24429660722838187,0.4414650012919026,0.8756115745834925,0.29533311068273305,0.4099035930772126,0.7268052864669152,0.21728691609044948,0.15905739578157752,0.3047376305371132,0.34726225111276987,0.22718209001258205,0.19714975569955562,0.4450625088275049,0.3316543871595299,0.4088576785760074,0.5519742164564667,0.28659410010222874
0.5622960815006778,0.5378041826591484,0.5750103376486941,0.5538950896642034,0.5315605645797314,0.4340206475346453,0.4997304774265001,0.37660355022320124,0.6760454752632579,0.42912360980761477,0.4250637785360385,0.6233632608482822,0.3549298154448537,0.33561007434142004,0.45151926547275956,0.4530268026909623,0.38224103638304796,0.41239168417839056
0.3014528734853016,0.32635524315786,0.7124264164886904,0.7735166542418872,0.5597975359761482,0.3747599106052908,0.5658090119398089,0.7186430287738288,0.5600289765105311,0.8243667821946514,0.8139492612920911,0.42511828433662147,0.6000586507105006,0.5402639974804535,0.6884818202331875,0.699480806139902,0.2720940413300792,0.1843695009332551
0.3666957827005485,0.5503505694425219,0.6283330239494607,0.5403867625846308,0.19910773707282892,0.18098015326039185,0.40037119872174687,0.9100630316080909,0.3687956548078497,0.9634329983748013,0.8643029021613993,0.11236879809856015,0.9517722789906928,0.7954597624778843,0.9679021149951361,0.9154055005757544,0.5124776477415187,0.2905081118115962
0.3297221776974012,0.3918157899660635,0.32340029709285645,0.6669986309977123,0.3286884952999032,0.18972163171007628,0.43687076212887277,0.9194571190976739,0.16034101239635978,0.9057044864038695,0.9045681112280515,0.15904350371384868,0.8412733409405999,0.9218085787686907,0.8417853616037889,0.8640924602171687,0.7292738326863499,0.5007609248033678
0.291762282930338,0.4712395594762875,0.621685286136568,0.4527647445289791,0.13872771604602496,0.10951728594400922,0.2854403624288038,0.8230212002378858,0.2651410390436135,0.8810304096289541,0.771490134678233,0.11174059062316188,0.9143023250146078,0.7294397465873197,0.954743839006023,0.9165202159269368,0.4772792011473168,0.2528494207429608
0.4384159151127932,0.53372705195735,0.42627511214154445,0.25504793097098943,0.09544529920035205,0.1951077994181345,0.2469327312163303,0.00027482458339023186,0.29953526480788417,0.11429565047214019,0.008189797063063331,0.41677001531147173,0.02606345174170699,0.16203655744013085,0.19890697357481613,0.48169154127179437,0.6429329620141015,0.4942962611747741
0.3853916615220888,0.51431944693648,0.5757458731351393,0.5983023298525842,0.18763440839694145,0.2138922158090515,0.40568236708202887,0.8510294226455319,0.2982026359573413,0.9052180740370528,0.8387082863196902,0.07888192714083431,0.9029251035520196,0.848390274334766,0.9270861317885788,0.8979275357836705,0.6485180741027163,0.4403263126764405
0.20756568676133635,0.24394753932287738,0.5980915301216645,0.699437351041452,0.42941108185952337,0.34681313997382457,0.5450084466670333,0.8226398185714732,0.4354311759943861,0.8772411134506639,0.8565241632249241,0.26643431867847656,0.7852268296213212,0.7002749646963009,0.8255116762240609,0.7430339227079243,0.3065702522904552,0.18896460863425046
0.46626092260944707,0.3860408200965695,0.5132650838357757,0.5181443568129152,0.5496060267274012,0.38048177904455205,0.39140299848856275,0.46212142203487505,0.5632631042135547,0.4909409839846881,0.5137299522358267,0.5950897450094614,0.4354585283286767,0.3895585329670049,0.5382501814688014,0.47935240897769993,0.35534842366058794,0.4108179541709369
0.6658644378770536,0.7530667860037314,0.5465942100254519,0.5702423574218352,0.3551364860699471,0.3235572893429133,0.46911608147856665,0.7708540988598136,0.4697287948989537,0.8205399346396922,0.7683902192835501,0.2663361790291352,0.7507759568434542,0.7046908823156048,0.7674122244583086,0.7927845070864135,0.7558456858484475,0.6470680956864183
0.31954790736960026,0.41560582706263394,0.40556043260999974,0.4584948552969452,0.20808757350430707,0.12723687134629058,0.2828296406931141,0.7995273767771887,0.012687923137489232,0.8097903679195524,0.7519778423483992,0.13738976061213082,0.8389278134552245,0.8265686782101989,0.852108341740812,0.8667945046509744,0.7665998099397353,0.544515647351792
0.2322243439730335,0.2709239701351134,0.48208811031651244,0.7018843666335219,0.6386454992353425,0.5314785841584095,0.7857471331143704,0.48372855489504907,0.468119142979587,0.555994259757643,0.547359464209505,0.5035615172864734,0.37910174929006724,0.47509004752081746,0.4040515670067435,0.508640249273236,0.3498199498936614,0.24688485185878428
0.7794736296142472,0.697827684556692,0.45977903921227314,0.5404793930866014,0.6362193863695877,0.48539968580431037,0.5132900064703296,0.45154637399805886,0.5889123372635079,0.4744966450604444,0.5068302174914883,0.6409034556385869,0.365231959232287,0.40557867690715793,0.4170350310251736,0.4676548750794307,0.6582791721609069,0.7521484039323707
0.40715716127342894,0.47416246042354704,0.11043696729534158,0.3637425518721922,0.09356989650941294,0.07195202360931185,0.20833706738990276,0.2146877728565858,0.16691378390128753,0.174621540857129,0.1727008963508383,0.34445213818346465,0.29790402373504354,0.4646302816731008,0.41573469157097476,0.5287332876612794,0.7208631164241852,0.5382771492766758
0.7698340345751159,0.8080471671509168,0.48058003424475615,0.6287925092072904,0.5945043998740716,0.4180407331378415,0.575750682748458,0.5465758309010522,0.4654283191140647,0.5978538441369601,0.5922988760452901,0.5439005436040418,0.4383697989624711,0.48469247036919344,0.48157107547313505,0.5905999472038475,0.7756133276399486,0.7304886970606757
0.4573920726850619,0.3048489959054008,0.18081640381164066,0.024794158065592597,0.3442909866138806,0.3372226037719561,0.08797849729405849,0.11763074103314841,0.2068215765670165,0.08789831324796604,0.08311694685510052,0.3615727727657454,0.20733917829072346,0.18817448844517065,0.15731324601754815,0.10177057870544082,0.6099558229282327,0.8076816872720691
0.285430426203532,0.3458679715613304,0.5413486711533619,0.6454305729856613,0.31800000674923945,0.21051407081280082,0.38509546718940246,0.5457230629197838,0.2759703035936294,0.6301637917169887,0.6064155951039187,0.3035288320199361,0.5296481496392436,0.5702106621340828,0.6423376377580379,0.7442117716803558,0.5009013003321301,0.3327189826662966
0.7804752280146988,0.7350892717390125,0.5143185910489851,0.6324372244330649,0.7046309734676355,0.4903761393065391,0.5718138138447686,0.6560107693074881,0.623379623817002,0.6751959581082219,0.7028495991079708,0.5991227268770885,0.5292752741024718,0.49463347211624736,0.5603094460921927,0.5421872400384722,0.6220948335496994,0.6809969280868082
0.17985513095901162,0.22233253175616752,0.49566639792793143,0.6266075663916402,0.2618488557178682,0.149221486850188,0.30744380087659096,0.5426691554136043,0.15122039832060752,0.6147213895282557,0.5998600610669125,0.25384418373809425,0.549732486137686,0.6089313690021205,0.6716169999936392,0.7631475766163047,0.48889239278760743,0.29772822925864495
0.1586161841359789,0.14828566968592627,0.48111097130682845,0.5685089288693232,0.3243765718998701,0.2289898147912317,0.33215769180431165,0.7547932766081988,0.1338251133722168,0.787330064391816,0.7749788071603829,0.2129336252613212,0.7723859793335115,0.7267107282361227,0.8220695244962246,0.7620349545603888,0.46174986985197486,0.34151342700413956
0.45945236896648833,0.3070252226573964,0.1778664828745553,0.016994205453793043,0.3379362855546939,0.3349872311925175,0.08254837333146847,0.11576243785510643,0.1920928295350146,0.07245805746899836,0.0773584074247009,0.3711526666161291,0.20730225822548187,0.18816161199633835,0.1630515406621731,0.09320363702562329,0.6163106719871376,0.8143104570806927
0.6768024015043809,0.6056062310147257,0.6037378999673595,0.6278982437608218,0.5928548873753205,0.5645545724896048,0.5929732594845722,0.2680033658703198,0.6759069528285515,0.32811805807509375,0.36439155056665795,0.6318715968390343,0.23326403124039008,0.27217188533281783,0.3410311575777556,0.32713766087450646,0.5069903865395045,0.5890752240741559
0.08878231545299287,0.099629167068231,0.3557620093159506,0.5665990352539008,0.27676155729499774,0.10338432964193522,0.26473451123775105,0.5661614867377787,0.2088436770227644,0.5840642659031658,0.588816694736682,0.3082591953249092,0.5736871327515496,0.6230105245684998,0.6813971763103335,0.729713418350926,0.3298305470972076,0.15253908855921794
0.6230372003618295,0.49573209621026937,0.16276490659164056,0.4848136774719398,0.45585929266682235,0.2568970932165593,0.2527874767847873,0.48689423005392596,0.3472179321683613,0.40689155295707025,0.49451719741667555,0.5069387999560426,0.4790060366386051,0.5202928671320095,0.5514390581032154,0.491038856948955,0.6948204800769877,0.7577644607556384
0.4504146779803547,0.40934435973396033,0.41345384159502574,0.4613134431885597,0.5368564061314716,0.3398500416208359,0.40190146629829737,0.49948984416046727,0.5137939274852332,0.5102733374860364,0.5134488903960177,0.5936373456254369,0.45674634314331053,0.43302296278624236,0.5197080136965169,0.5233990204908179,0.3990666620933061,0.4094322952102829
0.4140499919099213,0.4360680725591408,0.72347968527896,0.7438847153352786,0.6724090424184819,0.4486274389535265,0.6325034289986831,0.6953547321622329,0.682677140132681,0.7988449216699436,0.7848711927973286,0.5469473782928167,0.5436551483105247,0.47399651508779667,0.6155345249590867,0.6350662264915701,0.2721744233383545,0.22625646265864496
0.5575016035331947,0.3951595786294748,0.2672911548940573,0.14148856398693166,0.35847690618769357,0.4104668006549086,0.16475654548358998,0.08722023214638774,0.3053066179119921,0.08870209278740093,0.1042944436812312,0.2789882422198484,0.15432452124117702,0.14043812216506962,0.09556952165713617,0.029885062265108786,0.6584650616189467,0.8872912993766393
0.7272809760163917,0.6577904434818633,0.5576781114717528,0.3839359348765181,0.8774606945227277,0.6417009063028325,0.6599460579226264,0.3929801589912485,0.8018312963145484,0.4605025858002272,0.4281820740956366,0.9021880241125022,0.25207013138560863,0.25847149367828076,0.2520738315894473,0.34556135753765105,0.43620642359969164,0.5624548519712458
0.2960556979679204,0.3184049802848732,0.180421395300717,0.593428052732758,0.21351491479594387,0.17376275329070978,0.35057949204448136,0.2348389968527409,0.17178080388949546,0.22209903922059282,0.27754509772596725,0.33181973851062363,0.2637225175911293,0.4709960845317656,0.4040195979913461,0.47580975291245187,0.6374197442140248,0.452773683452105
0.688728748092826,0.7105353535284675,0.5727944815411661,0.3718478490017243,0.6574408239181742,0.47062677760527816,0.5219554802843405,0.556651167605805,0.6807710494962271,0.6196811502020483,0.5509366829531397,0.6934612132557694,0.4621049826842054,0.3886741021660492,0.47223056118598317,0.5430258180520644,0.499401768585894,0.5305235687802989
0.6058616646708742,0.6575264084654118,0.42502164579537727,0.43928918537148753,0.3559792502458332,0.23981846752152158,0.31883751688809037,0.5265236555345922,0.2458286623083472,0.5513870162886207,0.515458210149963,0.4126151746640643,0.5398063604559218,0.5230492064133525,0.6037824238895348,0.6540217284147534,0.7754974814747639,0.6960928597988252
0.7447459275798397,0.7220061831570677,0.48296618823298676,0.2942720610996101,0.7417997869593134,0.515449868637468,0.5391160044508863,0.29088442677228465,0.8292291574974646,0.32883309095112434,0.2838730230843072,0.964415496097325,0.19655683998184692,0.2022809137544906,0.21975660802437735,0.31288083722300475,0.400136242695901,0.49150775093336807
0.09373065822487503,0.2460959308532038,0.5110782888691623,0.6368034029062817,0.09614834213980306,0.04957591923742344,0.3157419695626733,0.5484877858831241,0.09119118683668548,0.6288449773952882,0.5744338795670219,0.10948423402781238,0.6076040442964972,0.6994856552158599,0.7339515429798706,0.8793879955438304,0.48285065646899494,0.1543433725896044
0.3099912351787423,0.45950111242960157,0.49075861555311606,0.6031282611550024,0.14443069154762478,0.08561401971008076,0.32635231869932335,0.9493647798523932,0.0,0.9817456742661628,0.9211602197476134,0.0001232631786909355,0.9499401993643555,0.9999177076484773,0.96119088136949,0.9942301153494517,0.8414073585769895,0.5171874118909199
0.373169406823589,0.28990198888328034,0.5736393479175419,0.6013388800899899,0.6014500802025575,0.4445964015985542,0.49504293932438426,0.5456533186899897,0.630603460012559,0.5870274152404957,0.6122795536332131,0.5586067924944313,0.5024226994492786,0.43196243860067335,0.5899413528578537,0.4991917998556208,0.2503760086697038,0.29347376543197945
0.35350461277911516,0.2941741930017876,0.3770208978233378,0.681596194589174,0.4794172737944631,0.30791836585078336,0.43663622712490513,0.8643354690976952,0.29808341920661796,0.8433536619114028,0.8872174216586797,0.294275510139435,0.7874594137306534,0.7591775137357162,0.8107715873800467,0.7136802492560046,0.547126316457313,0.4762526501816251
0.2476399592243791,0.2927234329037749,0.44740021371685756,0.7114658578581885,0.22262999966840535,0.1578492388114019,0.35779516908525943,0.7281640261138618,0.2634779638870661,0.7453447536127966,0.7539124358749931,0.1551432235932797,0.7691603316118725,0.7895633454224162,0.8564821436873009,0.7986333433536159,0.5003477008804664,0.3067177208162932
0.5580756671330737,0.39589831809494647,0.2684072040465635,0.1427641422654955,0.3592711790810357,0.4113130656914916,0.16632778765296408,0.0874674543044126,0.30628212725104564,0.08931818989124185,0.10491905851141614,0.27893367498357136,0.15436211720639326,0.14047126314106956,0.09559410583556582,0.029954331274215873,0.6584230188874025,0.8872502898858601
0.4152692169982074,0.49922628602713104,0.8726299584796906,0.7433874556324365,0.4543466881212568,0.34954767050752045,0.49647175574817437,0.6662863724416348,0.3782818304154687,0.8444653806479707,0.785821722251483,0.32240387082643895,0.5786984464451554,0.5112891211032287,0.6916691797482861,0.7873666617984119,0.5190462392315063,0.3982431740629342
0.17282040789135988,0.23706030894934704,0.5399098685817956,0.7186266286728129,0.5518245622758775,0.5102438585352291,0.7719442706929622,0.4235737817499238,0.4620645291790235,0.5303409256338762,0.5104005456712379,0.4427319376539489,0.35778984222452204,0.44621563120270863,0.4187646330381445,0.5160529342267985,0.3057008558976275,0.18178363577913315
0.31283164022289667,0.46347888996862996,0.49741162956520446,0.6105456556855682,0.1484018514464347,0.09066519052216071,0.33451618597527366,0.9525122533414938,0.0044309479135931085,0.9869112964377347,0.92631965878949,5.9297995842477746e-05,0.9500070736706767,0.9999246262520864,0.9612299617459481,0.9942405639041816,0.8415043829523479,0.5172121258471933
0.7400482773864397,0.7551416079623565,0.6058950531279472,0.42067159319890246,0.6065143429689959,0.44209737371970936,0.48627776533287337,0.5629851709915346,0.82819613169826,0.6140634096036535,0.5630304683086429,0.6824157245544067,0.49045284055210403,0.3937460480350105,0.5282064725569149,0.5471203497071744,0.44061318474662037,0.4819524112226954
0.4601149713686733,0.31167541692180256,0.3034999365971256,0.06877684845969911,0.2421909973808667,0.32032220037980874,0.05365578635242674,0.12266425107393208,0.1724722878411633,0.13015772399560976,0.1095357542533717,0.21978919523732232,0.2496187470995489,0.2164965682737649,0.19379246156564722,0.13900511523540748,0.6038499886420376,0.8022892041818048
0.34327123387916336,0.2859903155548249,0.374557735529931,0.6855154471420417,0.4801165594582508,0.3061538863234037,0.4416073343695448,0.8656687624604811,0.3023651699705385,0.844364373711161,0.8882745602828761,0.2947623313268395,0.7867492475454867,0.7608402673948991,0.8100397958195327,0.7146684302371609,0.5355216606163051,0.45968021022270666
0.18134336786163086,0.22439754309790394,0.49986072981484586,0.6312505333223601,0.26439862991544594,0.15247409194672334,0.3121530852830081,0.5440306206613374,0.15422055883146824,0.6173661883679327,0.6026377982124522,0.2538159703264069,0.5497701632797947,0.6088779083090006,0.671687685644847,0.763164842676644,0.4888702280238826,0.2978964270865532
0.19900893541147024,0.20602315270572524,0.4592018344308859,0.5574780987945851,0.3064391378183322,0.21907942314400008,0.3336908731777046,0.7517001306172761,0.14607655030998057,0.7769936448759414,0.7606488867010817,0.20811893871265097,0.7757261117592269,0.7372799510614736,0.8209267781251031,0.7686248515744558,0.5046431075573994,0.37384754377328777
0.7760613521533931,0.732222170043737,0.5262108475957072,0.6259696244706325,0.7455549742880223,0.490205347783788,0.5770561027675725,0.6654640030260348,0.6566536079878569,0.6882813262721228,0.7130053378780077,0.645521187169394,0.5131606834214988,0.4770804391070526,0.5414216552727389,0.5407782335079883,0.5819868292360921,0.6433365019485611
0.4738378601398795,0.44742385987028155,0.6044371421507186,0.5958107034606095,0.5671360040828952,0.4053464098912385,0.47740991193273574,0.3574467319611949,0.5526524480140416,0.44409011267501386,0.4489380688041158,0.6285983948406941,0.2996532299038738,0.3089229136731259,0.4317133239991304,0.46836348498776603,0.3754319156643382,0.3837200173657729
0.38891093936420773,0.4775109836839837,0.4786225325703719,0.6716055763826758,0.326015383210023,0.2048191004723754,0.4291003231928121,0.7483799968530553,0.23566179596169867,0.7950324383452403,0.7713960698580804,0.22729709703761292,0.6997400852690352,0.74804303235732,0.7528187406263744,0.8267494552350019,0.6737444922633735,0.4666532323661563
0.3131471954291948,0.4637966660478918,0.49843128755116206,0.6116404215834903,0.1488880611670531,0.09155323785251213,0.33512985165064624,0.9529710797171069,0.005064702342691074,0.9876529778063252,0.9271257249101752,0.0,0.9500293211271569,1.0,0.9613012417709705,0.9942850028843593,0.841413850778866,0.5170063831732565
0.6979214967783781,0.644340804426361,0.49366234882866866,0.6249297028232772,0.6893864605722857,0.500385243158934,0.5862345240842255,0.5635431736617156,0.5373281485090708,0.6109847893847122,0.633301722823782,0.5814279865752274,0.4386570181717677,0.4706643348138739,0.47528215731074486,0.5339860336457436,0.6559702097240205,0.6987137859437582
0.3953654677308446,0.2302047255533224,0.3297410626615087,0.08956228605823258,0.29864806891707385,0.3189021107044425,0.025109680535024825,0.0766066544381212,0.16224889155850297,0.10799127313443102,0.09134088299544296,0.2835402602359478,0.17555444404955256,0.15505973163501202,0.16084645927617225,0.10056082783115894,0.5418385252326894,0.7526565518456954
0.7332284201394291,0.6855606765786548,0.5022250768073642,0.4126470782821601,0.5987990160050185,0.7691193451791234,0.7719460320354838,0.12881020740179794,0.7109276116635495,0.21180006811242857,0.18194572545928933,0.6052978240188092,0.11572716875266731,0.15617495950682853,0.1302030037952484,0.13391718580037648,0.6389678125747136,0.7442354763020944
0.1690356919427175,0.2650904565583252,0.3031362261783239,0.7667722849923271,0.3218633211363493,0.3458816125362296,0.6548265307120009,0.3413116023424039,0.08732240209779585,0.3783858079118563,0.41134419648297804,0.251565636964727,0.32391150974690897,0.5631702230024136,0.40901825297790095,0.5009655754186597,0.642907308785843,0.36477252898949364
0.0498486306734266,0.14811414295968262,0.47331149490769775,0.6213053093622576,0.3036705307224594,0.12249871496382436,0.3778493761925956,0.5126490857700948,0.17628540506071078,0.5995590788910956,0.5614094763062363,0.3159986437855544,0.46685442868567617,0.5486269484730706,0.5798128657001511,0.7831936905564751,0.3327128877507175,0.07123777193536407
0.43733853180937354,0.5325140045128771,0.42423453982271697,0.25286438375126297,0.09419255146582883,0.19351368067601804,0.24432282261505422,0.0,0.2979053659502151,0.11338855814382431,0.007233230836547699,0.416736887907198,0.026173172184065674,0.16199418951372174,0.19909094894468082,0.4817786199467742,0.6428494388732175,0.49435902327099135
0.7781350422763923,0.7304262906380257,0.5358331199895185,0.49785892313356284,0.8161545017322169,0.6035958265017802,0.6596397499520439,0.44323655442517185,0.6185561619969087,0.5206603944006869,0.5042668976422799,0.7574252047106464,0.2960265607801954,0.3344858813012593,0.3081766981640446,0.4306726379348562,0.6393460805292841,0.7243777138085963
0.08743099142389543,0.2370901256939162,0.49327890381437145,0.616649447029888,0.08600081097488932,0.03617217246711357,0.2948444428189019,0.5425638939187367,0.07901951495930071,0.6173624459180902,0.5627864392004109,0.10957864607040801,0.6075155396105549,0.6993709802285875,0.7339163857322237,0.8793551155890873,0.4827564102474362,0.15418978572272257
0.553563949907414,0.4459690558423042,0.9753989556316474,0.4815983710353855,0.8258325608059331,0.9621076019213826,0.7499115912643464,0.584893987015376,0.867520868211483,0.731056274507839,0.6597194394884989,0.5424519538236858,0.597476570924605,0.3576107180443289,0.5806935155752515,0.35565564603083466,0.32655624701074926,0.5123938073218404
0.21043420663329793,0.29427460486724266,0.4047681814619457,0.8364260571577775,0.3604887211122161,0.4372790809805691,0.7333522110782944,0.37691657203543527,0.2616905916437231,0.44136942087189523,0.4749842347097917,0.2432104029073192,0.3637814232262533,0.5605195071926647,0.4490269045285231,0.5022384410471961,0.5774902705215215,0.35887180210074376
0.24739100105220946,0.28199234267183937,0.42662078511917034,0.7189703794357878,0.3922407488870421,0.22550153722747135,0.4540058847500008,0.7874639414344311,0.2284298401375371,0.818720127561724,0.8260976404871765,0.24717985901716832,0.7037043564812064,0.7720491262714779,0.751515529639978,0.7992157772626796,0.5459565664073998,0.3516001991252653
0.536264638477573,0.6169292119429324,0.559787089796707,0.630013761555666,0.5493909951907401,0.36872697495746376,0.5677322602065868,0.8114633015212309,0.26068541226848607,0.8888730479632871,0.8425088949973532,0.3544453257021791,0.6602359762527257,0.6677741818804379,0.6621528011961288,0.779425854764811,0.7715166056877834,0.6328094751691515
0.7898963937533795,0.7652901856063195,0.5240475682006132,0.5285157915671332,0.6126473049306005,0.4598393988970515,0.5018352008659313,0.44605765124492636,0.5923422118453505,0.4888020674006619,0.49175436131808037,0.6437784273047582,0.38138543762952204,0.3745406761860372,0.4490910478504444,0.47243476251225003,0.6414244212188016,0.6985566990859029
0.2180618062799301,0.2328857792207253,0.37028635994957027,0.5540390774631208,0.26488458359980016,0.11963208931111424,0.2481934116047957,0.4963574023784504,0.11216888978011719,0.5315578139784267,0.53234031143316,0.30189289028635335,0.5055864032119781,0.5937968769468678,0.6206313593570196,0.7192018421395854,0.5530138733749019,0.3821426566342916
0.4365584169337017,0.2998502835595187,0.6292552148221873,0.5899918046785464,0.8308952542848937,0.7169529823149183,0.6104415920222821,0.15921152513921732,0.5967547763919869,0.28459115601278073,0.30670675877261444,0.7019858769074829,0.08785842005671118,0.12180810691004135,0.1716643661883901,0.12618248681381283,0.32543524661197387,0.4719774094914151
0.3333399860140621,0.39639905909088524,0.3313255188701314,0.676689596262487,0.3342301801219292,0.19646420476582227,0.44690530697099584,0.923248963037828,0.16622000187479102,0.9118752478581154,0.9109856714869187,0.15910823460488488,0.8412804966324798,0.9216868234768001,0.8417758684754211,0.8640286011778804,0.7293409623795959,0.5007869973495835
0.2406438556493261,0.3622956683592322,0.7435968153183157,0.979406222968179,0.39716759490258435,0.5380373411420134,0.8640502270814587,0.2791153944528001,0.3730193323131754,0.4358019463856535,0.44237621894512147,0.27931409267939644,0.2642484248289193,0.3915202945377844,0.414901804918145,0.451335260650791,0.4093489810891666,0.2240670682054675
0.28436452610738094,0.31606785324926645,0.5350365125073608,0.6806298271386115,0.3631355370684759,0.24979030592633222,0.4253026062357743,0.5311856460024853,0.46045905756169336,0.5995725717871434,0.5979720165637228,0.36799231567151947,0.5142399724395037,0.5326039632987905,0.6369108201317548,0.6796387633388792,0.35327971527092994,0.23054980421491433
0.27800710654909466,0.289036764542002,0.4143722306059039,0.6158527276987593,0.35617139499098616,0.18098516804611453,0.3314188015091002,0.46788520675955947,0.24031664645400586,0.5184279428024892,0.5286018091644931,0.3900474311058326,0.43441759689998793,0.5216013267092363,0.5570627791300877,0.6712034205130324,0.49979713090704947,0.35646532833355393
0.34043292445511797,0.559462853911542,0.6799093699737502,0.5381024391149611,0.1766935360896691,0.15221754306499946,0.3915964090977755,0.8433837288297414,0.2732691336950146,0.9249213713374782,0.8077526184067372,0.10440802765536472,0.8904192064487018,0.7382782542201107,0.9277232668478663,0.9336668653637255,0.5381524102851933,0.275451444392941
0.7838029331982491,0.6663762496502681,0.5860095421454439,0.37451428923663155,0.7770619576675497,0.8637682675536462,0.7105959354435121,0.27297762674084936,0.7033049532771329,0.310114232412932,0.2912878049913541,0.8042414306446826,0.24660992095480572,0.1953262177303951,0.25956049722338514,0.17719576512566526,0.48771164526713107,0.6675178041179715
0.36777978822709045,0.06990145317490382,0.7813981271653989,0.25265297192764624,0.7185216686991593,0.8136617138314639,0.2867827483396672,0.17844975675166963,0.48567652638940695,0.30214603143801577,0.29417604028298805,0.6983623934161376,0.25577739497862206,0.08435795149422864,0.43333478033402173,0.09065758520578293,0.07047055942503744,0.42172778449364023
0.5419006942982937,0.5985968198583189,0.3689805381933291,0.3935098756608899,0.3023031209426268,0.20093885051352878,0.2822421554600596,0.5801397772008183,0.18569161620864572,0.579793464046314,0.5387018120229463,0.3528188991537322,0.6264997380259159,0.5907485884403056,0.6707891951476692,0.6849597269766659,0.7712310695804725,0.6714955553620987
0.7778296683912961,0.7526278704949809,0.504183201095687,0.5039174873553542,0.599046663319853,0.734384371509726,0.770717047510113,0.2385525914898946,0.5929746149671788,0.3065092058116172,0.29385485415134793,0.5437878457788499,0.23263683349506314,0.2545803833207512,0.24994381491426876,0.2261469144746222,0.7400066850779543,0.8163137274169996
0.2130376032164284,0.3022035701117507,0.598416919551584,0.8226036860915902,0.43288591261786835,0.3256176835760045,0.6176130497767192,0.837243223162988,0.21755536244369633,0.9348290286722658,0.912003632425137,0.19063734188187942,0.7158897880410338,0.796779704986518,0.7525108765394535,0.8425495812319197,0.5640959514335206,0.3247182063108971
0.12231095167097228,0.11417324370860049,0.5457564648661908,0.6343579182796524,0.4234626508729049,0.32783878680070355,0.459940499357371,0.11672582546673349,0.39402744827045444,0.22653483568783384,0.24601932332678245,0.5646621838906583,0.07843190033011627,0.1852718543576199,0.2835231264976954,0.37334487627460944,0.17020139984155236,0.09266713636896151
0.2838785803797931,0.23791272476886638,0.46919502084976283,0.5850637102379199,0.3889966509734599,0.21705619869835013,0.28931046137111727,0.4210792611781188,0.422484214632989,0.4621894305973564,0.4900219508283101,0.4793701006079034,0.41340176951757757,0.4267160118759424,0.5695816878284101,0.5745994563794108,0.31015460327171285,0.26253945155607994
0.17985533221680894,0.21457908834502581,0.6200410316427831,0.7274994427797243,0.370190432679806,0.2990493473323248,0.48775939869832063,0.8169321240902794,0.2841939741791082,0.8858390577754942,0.8683457422756868,0.1988579322536148,0.7940430154795743,0.7372457230022871,0.8509091780302058,0.7836977254501525,0.3874838536659644,0.23889464219431633
0.19003128961807836,0.16808424023058244,0.5109886855006933,0.7267386450791111,0.40901407971855686,0.48734883689018593,0.6175554935354453,0.17339615826748522,0.44579136925376117,0.26005027320421403,0.3116764927479856,0.3973387038533456,0.17713445298971675,0.28193669233410873,0.33298419005268576,0.3007340013941149,0.31600507853772486,0.26258665306235196
0.7092415156992139,0.719003067443182,0.6006801572570661,0.5839256554890482,0.588141708734913,0.4636412816922766,0.5558765728738297,0.413186523129323,0.5886402313655923,0.5079359475240133,0.48172506605503496,0.6075992608937777,0.33928128822997494,0.3555371636596754,0.4198480026318443,0.5155050027546844,0.5920086841795389,0.6015895925583155
0.8084353997889845,0.7519191920487733,0.4487983941042617,0.5567753645602211,0.5363630443318106,0.6437687389162816,0.6655433292994104,0.18676192907539824,0.6235643006813159,0.21149205975258134,0.25732766934439977,0.5465607711066136,0.19742146918844894,0.22620469520914516,0.2688047361889865,0.17990005902476125,0.7014453755981938,0.7914856372429817
0.5590912813104701,0.3966377954790201,0.2698986967824579,0.14431776843931932,0.36036443649391425,0.4127906934242698,0.16830098195991328,0.0877963143354028,0.30749367115601656,0.09006820867811216,0.10578314494139529,0.2788613067440624,0.15438597787366803,0.1404926092208068,0.09557600858652582,0.02995725420284201,0.6583254431942966,0.8873137261552175
0.06639376614793957,0.1314642784122777,0.5655361738474638,0.6667334939469804,0.30242365737092736,0.1642867863680788,0.37449228087326913,0.46117400975142786,0.31495058344134996,0.5623263092547295,0.5388649831692913,0.34242379276068347,0.44591961925143386,0.47680808463415,0.6011872026875658,0.7206233684575098,0.219527817984696,0.02556040017964345
0.46324461687855434,0.38789748270901225,0.362229463654963,0.6900932242473945,0.5454432333968182,0.33862495501872214,0.4527716796716952,0.8054074330994405,0.35019287192348836,0.78970368797576,0.8460182944595869,0.3681434344850216,0.6944983553588477,0.7055281574242203,0.7223263930521937,0.6802559397186687,0.6142728485580113,0.5816595073662199
0.6739219171149337,0.6696397772239171,0.4591753524843156,0.635151112183538,0.5846605759209604,0.603013076794499,0.7502954113863023,0.25176188685175505,0.657526678362554,0.31341773661434136,0.3310444614829442,0.5800160650028912,0.19146650448499536,0.31011933988966395,0.24328874578297266,0.33001220443456036,0.6306195346934513,0.6298034146574807
0.3384874144019224,0.2891001173701784,0.23283759620499822,0.6410201380723493,0.5994751363418127,0.3538211499075068,0.5504423896659834,0.9376052694870036,0.3134887601186964,0.8746823668812891,0.9183494607174758,0.3668388540714451,0.7830615383090436,0.7811234924632242,0.74972142989124,0.690827043823192,0.5392512766038189,0.4481855018309302
0.8788933750882647,0.8180668364681449,0.5535219437285743,0.7426084472605736,0.7815337730050074,0.726353765313374,0.8254418961903949,0.7023431396601907,0.5804132789552119,0.7570264238984656,0.786018699561891,0.4703212760538378,0.55892143153162,0.5620465409041644,0.5365416683079167,0.5280890861881073,0.8565971629649216,0.9354604548114183
0.6756476445569418,0.6947732599071146,0.6088190046279189,0.4574609684094253,0.5553990564280789,0.41568396775842853,0.46933421083634785,0.5385729055818127,0.7286340351523704,0.6021472062704252,0.5550579460522758,0.6162491706582094,0.4841285554407617,0.4040089800025683,0.5415342402904102,0.567788271632377,0.46171201025074016,0.48155595462004674
0.5645202144997811,0.4048098333058898,0.26993732575778395,0.13508614068852598,0.37956836326553156,0.42761857757249544,0.18435496236823967,0.10333227019615765,0.3293429154317091,0.10271344403327864,0.1152537635980524,0.29482332241227693,0.17162460391537016,0.1504006507334808,0.1070515876313134,0.03937218392034303,0.6601393675299339,0.889013424190491
0.3377639884264988,0.23876936155647743,0.6045540012057224,0.5316314795602013,0.7046646817727555,0.5393920983871454,0.5661980810808611,0.3475982072110345,0.6327759406533242,0.41531741645080555,0.42641227381068103,0.7292691445858515,0.2720253861443771,0.27670821558214337,0.35177359704088373,0.3638125618775234,0.1987794549150983,0.27777840191957615
0.17985533221680894,0.21457908834502581,0.6200410316427831,0.7274994427797243,0.370190432679806,0.2990493473323248,0.48775939869832063,0.8169321240902794,0.2841939741791082,0.8858390577754942,0.8683457422756868,0.1988579322536148,0.7940430154795743,0.7372457230022871,0.8509091780302058,0.7836977254501525,0.3874838536659644,0.23889464219431633
0.2650491246664596,0.17138386101667402,0.3147436882443966,0.49467801456028004,0.4665163546698674,0.19727397945828962,0.2382656216394059,0.45253879006730147,0.263498729994768,0.4603893173201823,0.5013500006769451,0.5345280420381331,0.39590471287459383,0.45915943324570346,0.5046561739559774,0.5710580632866882,0.40819537928832217,0.3790746022890308
0.7328801574706544,0.6853704845398243,0.5018665854123552,0.4123764631687057,0.5985812972912019,0.7685556315087809,0.7714902788967462,0.12885619914713808,0.7107671402321007,0.2116996617107385,0.18185584433623303,0.6051951243531815,0.11583637788713519,0.1562733684850251,0.1302825173387503,0.13400769069527096,0.6388477589437553,0.7440796167655694
0.7036209430171462,0.6157926491827215,0.6022278061875945,0.45998245245973557,0.7563028462205261,0.5518417011612895,0.5301031931125251,0.229857815796351,0.7380212291083619,0.310246841255174,0.3172161037341845,0.885307596945198,0.12753694341249577,0.17034459888876702,0.2280873759775226,0.28743604880716167,0.41687112898377743,0.548057518023813
0.36985114686620013,0.4252092790014579,0.17447131368578184,0.4216657775886219,0.10420386842368212,0.0937556923448879,0.22115825881974382,0.11647145514680679,0.15676768210471792,0.10318047007184061,0.11845534911036615,0.369803477901955,0.1707873355351014,0.3515707152141097,0.33594003302835596,0.44761911883636984,0.6694306078001018,0.49609523835200586
0.4205755638707541,0.4387008763589557,0.7594969846052733,0.7467401534133304,0.6581468246494973,0.4682905283345864,0.6346801822623251,0.6584694979312351,0.6880595963810272,0.7726431949051256,0.75693038514643,0.5397256898151304,0.5294527575545216,0.45397605454379436,0.6131928653945256,0.6172305875798698,0.2721481175203204,0.2378559802771305
0.4587850936960435,0.5736072351737957,0.6551068826406525,0.9189166057466682,0.37535241999170865,0.6135137970444196,0.9139281852554961,0.4470673581291622,0.7004563493856741,0.5406011113134754,0.5416854774372177,0.23490717839097464,0.49593585857873723,0.5336561871022307,0.5721966199602684,0.48851732198629216,0.4730788637620045,0.35000181069347014
0.33328391532415924,0.3964645100226105,0.3311697623262453,0.6764824215010528,0.3340110593605292,0.19609183970593191,0.44656485690319636,0.9231380440777042,0.16617130677541114,0.911699915155882,0.910788353548289,0.15906477991092705,0.8413146537014113,0.9217421404204018,0.8418025273582779,0.8640354228286946,0.7293637870771892,0.5006201715640377
0.6455476236511454,0.7344012791025674,0.5385338630769425,0.5996968205551263,0.5335518190501178,0.3917373912370574,0.5792023645351683,0.8031924173307476,0.3122170041504635,0.8693070157989589,0.817478102192791,0.353598470076145,0.672359509892448,0.6738059998281918,0.6622238865871162,0.7679853438761579,0.8461141425987233,0.7224488339409638
0.6875318648819683,0.6628969046693598,0.41433656002403785,0.5635500147408186,0.4028887815575104,0.4273885663607291,0.4748515024840465,0.31218237860046727,0.42704123604291633,0.3214531909202947,0.35722728144769045,0.4501948684748107,0.34226990765984144,0.397527071203211,0.433097963994566,0.40199186850009583,0.7455399232864657,0.7556204247595799
0.5474703826730939,0.5055969095618951,0.8074708029725706,0.7492636860422892,0.8260537025586292,0.8550996364459698,0.9785142118118206,0.2422211672937754,0.9231491898402453,0.4220248815413221,0.41375511162860823,0.6816217752375688,0.1390870254435732,0.1978871831998606,0.21399586759830824,0.2665004153703363,0.32942829175660004,0.40224438841495025
0.14648097709439034,0.25513187817760485,0.44436496943080694,0.8850451897940981,0.2864501674010951,0.40518623609089044,0.7202518395230477,0.24032436715227745,0.1735086495946656,0.3263511223666169,0.3696366398554294,0.21219997355230724,0.2277148093516871,0.4740098577325333,0.3611480782725862,0.4325465515005713,0.5648773117349923,0.30017098421505084
0.11687607011028478,0.1693956765114477,0.548923547780694,0.6602389851199613,0.26569962390355606,0.14656967656911712,0.3250836610168437,0.5148608466197809,0.19581612673059778,0.6095604397901557,0.5900435113599354,0.26636449179731914,0.5116652165414737,0.5641353784573451,0.6537954086430497,0.7672744041477604,0.3827140057364833,0.18093754670480489
0.9265531795061402,0.9421302615893299,0.644122245774986,0.5246324501908841,0.6749523838123357,0.5801317665342793,0.6362046842816587,0.49681692872491434,0.6618121791524891,0.5946333892279174,0.5482197654868357,0.6253491479355859,0.400437153868648,0.3902618898432835,0.42847565417283606,0.5193935183390495,0.7600665961481778,0.8078649636791693
0.6650441207248835,0.6415030079632738,0.331431620974338,0.5260216208511124,0.6813669868850736,0.6064619133131348,0.7392864997677182,0.4424381925979939,0.5433864441013423,0.4453089850578189,0.45357923938059486,0.5888198257091184,0.35433689466521145,0.437665715732623,0.3180094320905784,0.39857028646625325,0.7048370590405841,0.7210781338600207
0.43751095548230257,0.5327230353135113,0.4247727377843278,0.25329169790611594,0.09440548573260177,0.19401842133112934,0.24465717271378562,3.2208903166908165e-05,0.29832416979205245,0.1135724440628123,0.007414507549268201,0.4166843873021393,0.026128748760428033,0.16197905674166652,0.1991801583317374,0.4817062571195061,0.6426477341954098,0.4943035373757245
0.8115161313473892,0.7753139534117763,0.1413731498566313,0.26936615112424045,0.595927846964474,0.3932285154147732,0.4350043762787159,0.20936929693030348,0.4239532656009537,0.17547052632804871,0.18190734648121998,0.8122744191630191,0.13857774938074674,0.25256111858457425,0.1443550607812789,0.2920921428373755,0.802774928415636,0.8563010510585172
0.3932808267557292,0.2315777407536448,0.686820348625298,0.5794720787397702,0.9298303659827567,0.6202427401336785,0.6209794392618133,0.5389353806760306,0.7816129332743724,0.6213915942293962,0.6499751074022533,0.80943887890831,0.3629398157684749,0.3237396262425684,0.42026094946957304,0.40846308662913255,0.13922775395083598,0.27605232299947136
0.45939884043198387,0.31099854838620167,0.30228370366377755,0.06745490490472683,0.24133446472281062,0.3194845880773869,0.05178846936305792,0.1223867792715686,0.17139589269531808,0.12947601872462733,0.1088548139633223,0.21983467325566708,0.249603642163036,0.21649526468784647,0.19384824976007642,0.13900343879900134,0.603759859032724,0.8023698836674513
0.23261199685026412,0.3568711049623432,0.7457206951125501,0.9801594686619328,0.39995531239674986,0.5417868672947739,0.8735090521874862,0.2801815052505042,0.3736977362083054,0.44154772411757026,0.4407054082167725,0.27817642832456246,0.26429564650001236,0.3916300194955898,0.40837541363121654,0.4557314091480127,0.4009455039985452,0.2134738986411726
0.2668596449834827,0.2885034207884696,0.5322628851695459,0.6659219234290603,0.45641007963263935,0.26735950412628373,0.44594052602069256,0.4661283579260007,0.44621901527139185,0.5466947464209775,0.5470007292676711,0.48335202669817434,0.40160003553345125,0.4388800550167448,0.528423393256289,0.6272249759061166,0.3128690864126673,0.1997504381495494
0.7411694172672533,0.6297724453296674,0.3743108688865249,0.3917960156283966,0.7416411831865701,0.7043086443680897,0.7030859796999329,0.427647112651349,0.7215495354967185,0.4187031383237543,0.4281451940241441,0.6624319612323408,0.38427878950306815,0.3537355437495963,0.3402153498417402,0.2951605491439113,0.596280589475487,0.7443585984201748
0.4589865905661549,0.31050654583736814,0.3014006290221176,0.06658598867042897,0.24068482084832987,0.3187179506339244,0.05096966472096165,0.12227103296533559,0.17081262070281467,0.12912633364837256,0.10845417827035697,0.2197210827830629,0.24972741849495284,0.2165762693179077,0.19399866707327318,0.13909213510970542,0.6038443251970971,0.8023905355082905
0.8856008465204187,0.7743888273308257,0.5539488740265339,0.216646001603368,0.8952840890731231,0.9763327476692907,0.7808631664410464,0.43105728757807404,0.7278146111647223,0.431768735088895,0.38686018695353064,0.8464857917722848,0.40034613659711393,0.25951419790163016,0.3301440265819897,0.19755474606838197,0.5981599291145174,0.8050924930822005
0.70911977974177,0.6094316797227426,0.6650515573497673,0.3604760727298544,0.8850997621329941,0.8815071651187574,0.723307216344864,0.31212975058647063,0.7444014806867267,0.3846537656513547,0.33031638270137464,0.9063570240303884,0.2487307801334363,0.18368600121198558,0.2583635189335449,0.1912704342571645,0.4614102558696802,0.6180601489542892
0.533938476141881,0.49516651196054284,0.47937462113429863,0.562444486307013,0.7052067486643152,0.402566656950321,0.5136813306446628,0.5852406747627656,0.5668664073937122,0.6339851327450308,0.6389419758375641,0.6636035212309828,0.42210634371036826,0.44279741996796346,0.46183516490363186,0.5733518288941262,0.4541843742796019,0.46222621139590614
0.7707869565025863,0.7758990985503122,0.5299863336482971,0.47257853458178056,0.534086647059276,0.4644261795999607,0.5162899149390023,0.29088536463715364,0.690884033963628,0.3492943729522431,0.32922592503752224,0.6721877612583176,0.264079092792462,0.28078555996719373,0.35289810502933694,0.40172728842037553,0.5726680688384869,0.6086282490837114
0.6792552915712978,0.6768942651788783,0.2485173459294332,0.5114446592035717,0.14342260529199535,0.26381733400430596,0.30895154574907524,0.2906374730851884,0.27848995418090716,0.25548643425433015,0.2983922695141148,0.24600801112558934,0.42934162841342216,0.500935438779768,0.540238271381325,0.4485147810254244,0.9023537671223789,0.853124304864822
0.4384159151127932,0.53372705195735,0.42627511214154445,0.25504793097098943,0.09544529920035205,0.1951077994181345,0.2469327312163303,0.00027482458339023186,0.29953526480788417,0.11429565047214019,0.008189797063063331,0.41677001531147173,0.02606345174170699,0.16203655744013085,0.19890697357481613,0.48169154127179437,0.6429329620141015,0.4942962611747741
0.3184897258759417,0.263296995719287,0.6804000900282694,0.5931949474853448,0.7306687433579822,0.440120273166845,0.5240232456839662,0.7397638624835123,0.7892135960867104,0.7930489995595795,0.7899074211258457,0.6551155016683647,0.5963952825613787,0.4457915631701947,0.6532045677735319,0.5662336383364699,0.06405189601805183,0.09878539581965651
0.27480575078375014,0.3207660248088664,0.4951997398642187,0.7352241338713745,0.3485019977931001,0.1956389064471602,0.40685517645377134,0.4378869098839244,0.26940975404491097,0.5265259013017183,0.5361730289470745,0.35880037760729255,0.3864149991768999,0.5100620033867984,0.5330798146573681,0.6984336599168433,0.5063368287438452,0.3158055756186777
0.4293435375573834,0.5087566118236662,0.2516120146801186,0.5763884992352426,0.36256629271880825,0.3348138926820341,0.572222786307893,0.44802792671784897,0.27627960586601663,0.46143445633208113,0.4477082277713138,0.3363548434518018,0.4372370457953223,0.5965381920286725,0.46002040191778004,0.5868404185724527,0.7383631256984164,0.5597719522071023
0.7088390520332141,0.7359560252140454,0.5670766575112278,0.6171362114999077,0.45526805089077915,0.4491060181141493,0.5598336696799389,0.7010854096529031,0.5873216317806822,0.7522968366254894,0.7280000795884431,0.34201335643915765,0.6773884824468259,0.6317702039549518,0.6985552583066221,0.6800941376752223,0.7004371146987618,0.6723133504760757
0.3982589838891578,0.23327619742576333,0.3355052068783895,0.09536536878569368,0.30257826625691187,0.3242731760776132,0.03155208638296525,0.07778708143945012,0.1665693724272912,0.11097545047998736,0.09439631431099293,0.2834736037503851,0.1756746310558679,0.15513758966226038,0.16090767754495205,0.1005826145929154,0.5419369118008277,0.7526161529517741
0.2578193958361449,0.14919980890313278,0.5396304981179618,0.5501153679151702,0.6211681803892006,0.364690027006382,0.38696023213608166,0.39517901530178823,0.45304840469703844,0.4698410487785707,0.4961673266107365,0.6539963264413708,0.30562463414163066,0.3292620442523985,0.43223945058688606,0.47848774487123413,0.23023248719834233,0.2642149569788095
0.7243932133080303,0.7387782177201467,0.5255872294622788,0.5458875488538473,0.43079594320233316,0.3493848845645613,0.402253563995671,0.45008439239659004,0.4159326478914882,0.5030845260163783,0.4937427093596676,0.47259636975480035,0.44548960578816965,0.4429753654234992,0.5425717061944662,0.5686979373699441,0.745614479955911,0.7345321782865857
0.2939259235803807,0.31426533455407046,0.2828022310825049,0.445312475373556,0.2777545995006603,0.11743173594266976,0.23562321539046271,0.4810378043470963,0.204455316716468,0.47186865878742923,0.4664740025648846,0.3859901654234039,0.5113163117527528,0.5503795293282241,0.6038462282256138,0.6566853936872279,0.5130528952129081,0.38009277202354386
0.9502019151544224,0.9773829048452249,0.6391547545861869,0.5513287154939173,0.5657743979419412,0.5344551494535779,0.5853306958988327,0.45454491062521407,0.7351666544355919,0.5200536578708561,0.4930141367503591,0.5890195482625864,0.4332716819660145,0.37901890465423244,0.49625717669849845,0.47966191921327384,0.6998340974581432,0.7476203190835005
0.29970050060654285,0.2800767952151484,0.18849787126724227,0.3659216194357686,0.3260557522353389,0.12975034567864574,0.2122290373343776,0.573971732990542,0.22261704066386123,0.5132636146909562,0.518114861212096,0.4188195555447234,0.6091043919677159,0.5963670774245751,0.6576735307812358,0.6313588791966995,0.48079616502167677,0.3977058575492103
0.4567213225352992,0.30414306424310245,0.17956649948557146,0.023531169671940244,0.343368289497082,0.3361452267187075,0.08636076825993966,0.11738752542386777,0.2059058443535582,0.08729296513269014,0.08246734539364864,0.36152261786193773,0.20738501032508816,0.18819521844310055,0.15741496267557475,0.10180955984761764,0.6100061010028794,0.8075390735476837
0.7781341014174546,0.5857649767471944,0.32057275351090864,0.009009684049689604,0.4657722997843796,0.6813700370365026,0.3470584522767446,0.12775496474330195,0.30643332291917025,0.0929859089036158,0.0897121157097196,0.44452740941477886,0.2205143477367223,0.13512638331095445,0.13683692778071244,0.023270996660274434,0.6418423395370205,0.9459337529962122
0.6591348440457153,0.5834725476849301,0.952233951220415,0.6542865792814268,0.8522187591956654,0.8862619663526354,0.7855828890623822,0.32399372937515203,0.8459259015864484,0.5109527194276324,0.4555697829016878,0.659772557795143,0.2681221125384332,0.214204969861932,0.3213437349000383,0.26033054369117625,0.4420125280968139,0.5724197534872659
0.7714654058084892,0.7655903052184736,0.4846131245484213,0.4381634340924201,0.5341457463853809,0.44950057107063124,0.48970830982563385,0.24204480862164124,0.6616372224264784,0.2923372571000069,0.2775926917699527,0.7072758502238148,0.2095173439472694,0.24884909062381305,0.30039693678041446,0.36683864160212165,0.5864406028517959,0.630555839770063
0.788341441270967,0.6714310061219144,0.5765619065798511,0.39592123084087527,0.7548882553835428,0.847796327559279,0.7057508819748959,0.2678510223267765,0.712024999102499,0.3032897323277579,0.29203910059826077,0.7694030302130679,0.24662754383650787,0.2015658695273978,0.2611974225153284,0.17974211559002962,0.4962721204322915,0.6742004626568336
0.22208139596952037,0.3186570795807524,0.6908381216287114,0.7367695054265138,0.36820760361704186,0.23655497535047632,0.46576416114288843,0.8000224099507693,0.2900249518658664,0.9138065446172552,0.868554129692507,0.21837378355886883,0.7165317218995502,0.6887264158990112,0.7914893861966243,0.8628066298817465,0.435629343178241,0.23028535480610435
0.7418344363856012,0.7573081522691565,0.6090526342073108,0.42407366597379825,0.6088202613019085,0.4447668398267095,0.490293802840851,0.5640743833526944,0.8310379353210924,0.6160825684638918,0.565095578276269,0.6823770517176457,0.490501033259068,0.39379989157032497,0.5281865356993669,0.547156161339283,0.4406152438044464,0.4818740632263878
0.4391506992052606,0.5349766951128132,0.42805496056042003,0.2567293218479594,0.0963833279540034,0.19661451552852327,0.24859220794855386,0.0005872362576156975,0.3008880131182665,0.11520491013939438,0.00904069930824325,0.4166863535200096,0.0261322938016888,0.1620726677164676,0.19901736680521087,0.4818531579894636,0.6429657394869779,0.4942837697808642
0.39945890754040725,0.2756207740847485,0.7460808442353324,0.5933189532715235,0.7326565962654035,0.6040929957324885,0.5828483203109713,0.3482172045684031,0.6869153878208611,0.45311043950307006,0.47070035745656935,0.7147667048330806,0.27460805948698586,0.25483031099029546,0.39040631389027225,0.3562005938291031,0.21338517445708183,0.3323719928015796
0.5660456062083415,0.406555600725369,0.2727673769412724,0.1380727474245642,0.381525790053715,0.4303203914941869,0.1875858241644095,0.10381139487306357,0.33171091643594774,0.10409017982182878,0.11676052224036537,0.2948056631178875,0.17149778497141888,0.15036733531048335,0.10700793708087941,0.03934853515253933,0.6601354825187731,0.8890505444414738
0.49217645519240694,0.6487431626471145,0.5878178989225109,0.5294635609267795,0.30554679392634276,0.24817399599747114,0.44949930544966765,0.9688038401768917,0.45800455800336914,0.9999999999999998,0.9133563571112497,0.1924732924858319,0.9512701242256638,0.7858197355142509,0.9379757695205222,0.8732022387407152,0.5653149623200273,0.3946849999506221
0.8500602584166902,0.8593286245512997,0.7707543072289122,0.5552301503849457,0.7323884915908996,0.6111725683225395,0.6626247952645512,0.4440853088942174,0.7867767809342792,0.5864096832412387,0.5312823797721897,0.7051364712942443,0.32366900125593423,0.3114359760720859,0.38433604789438935,0.49350305317546383,0.5859034515707211,0.6443790545153281
0.1607172804896927,0.24998013850445422,0.720961860954938,0.7815213246466777,0.3547842136421886,0.2411228969066137,0.47653629641664086,0.7198337054426793,0.3093727285848966,0.8510644649979298,0.8130728997804595,0.2246843902827913,0.6554057059516587,0.6427109140904705,0.7602966711711532,0.8384714859224773,0.35968165246358974,0.1527760499898796
0.5295995872977978,0.5652244989204711,0.4420516447961118,0.6013275682002179,0.4750927096003632,0.35794353686933755,0.5237324827997374,0.6957070506520355,0.40183331982999304,0.7254324369778737,0.7103272537091816,0.3720039087847735,0.6301585469271531,0.6436494907661012,0.6500067940445748,0.6927483060565083,0.6608831056997391,0.5718441883737078
0.18573453604068957,0.2069044600856076,0.358176692551468,0.4997273637424544,0.21768434473385123,0.09527132195014287,0.2065857349623026,0.45546415907793303,0.06697365862369375,0.48839027182977857,0.4789340659877701,0.28710870988239234,0.4942728238506233,0.5755834602817187,0.6154739968767977,0.7111475633070599,0.5459776983564246,0.36977889166891154
0.742124095974961,0.7576433873173278,0.6097716508617781,0.424835946857578,0.6092072852581942,0.44525685604132104,0.491008639788717,0.5642395884236568,0.8315690536385008,0.6164255493062747,0.5654679218008358,0.6824170710092157,0.4904789188031977,0.39380595867592577,0.5281542606815051,0.5471487094929004,0.4405941110365039,0.4819385547869246
0.7390955825229079,0.7903341636272794,0.5088097571990757,0.6300571950589546,0.5450483667051913,0.4122905805192887,0.5708589667403516,0.5739579936906514,0.45540202263906426,0.6316089671737641,0.6154851874218386,0.48188109427323966,0.48778315615193857,0.5187752385908868,0.5310550231690079,0.6224856404066204,0.7731471840293176,0.7118244329379113
0.5005839061542287,0.44226590378634834,0.6042005851156103,0.7141122373933348,0.6109191204636002,0.41642370670621354,0.5097579641755403,0.39651050915363517,0.650305125496689,0.4755453181596552,0.5194871547874507,0.6286017333619134,0.3083447438380311,0.34083952267037315,0.45180783280828085,0.4773995223212266,0.3523187394273013,0.36776665234634365
0.2106540733920389,0.2737030526284663,0.5248520959013554,0.7559791610903184,0.22839210011824296,0.1614571035640595,0.378394601179592,0.6956883223201784,0.20533943774879138,0.7559539272941442,0.7537268979797203,0.1429124575292029,0.7088299859435925,0.770443333977765,0.8117394072694504,0.8303165573515197,0.5259568585869301,0.2993354653470346
0.6606346379625011,0.6732659734799347,0.37344186458382955,0.6691860977899475,0.4384597521214191,0.5486689654077197,0.7063832782857156,0.23993483738755916,0.5251540399552335,0.26066103603400137,0.2979817303098662,0.4355437988987303,0.2235041559202311,0.3721912378875362,0.27108632293755,0.3147524886519837,0.7700698764813414,0.7255276472269534
0.3834941531298818,0.31760429256394884,0.3895324381507703,0.6359339993937123,0.44442553529774,0.3036487506250012,0.395598296841297,0.7859069213417917,0.3812767415613667,0.7594062586817152,0.8020991727261593,0.3218884825062531,0.7638286069167037,0.6992049499881414,0.8056442755182722,0.6681167632856768,0.48785304836044263,0.45244486003696305
0.56050205133244,0.5358979093502381,0.5716632641741164,0.5501819633821965,0.5684856616534166,0.43095975295376254,0.4957262161619189,0.3826951022791941,0.6732260644968782,0.4433292919722229,0.44453974716469014,0.6479757360093832,0.34014930408175603,0.3253270231135494,0.44734204431483704,0.4510494923779904,0.38225621223667217,0.41234257785124906
0.1521659031212962,0.115933357867255,0.2715574088664887,0.6007674864624377,0.3074588996383072,0.18792271465685895,0.31347322509048725,0.14437029342235175,0.212338771269573,0.16857786829778454,0.23847253476354746,0.4624694755958565,0.1297946698779956,0.30851309304510527,0.32130900227029024,0.3999661299021813,0.38710873486353825,0.2558844200790784
0.31585227382867187,0.38645249243834723,0.33684860574537057,0.3973631527423729,0.23458601248640543,0.09279937805830318,0.2173681483854577,0.498899011273474,0.079884719732779,0.5202526470196487,0.4745929952466421,0.3270267398875386,0.5297428024355268,0.5699689356976267,0.6095148218073225,0.7372177478977722,0.6540331783132556,0.46981895115201366
0.33277610373556776,0.27544817290703283,0.3604240040838116,0.6682531331285348,0.465581432818335,0.2875744551003043,0.4177553215918026,0.8478416210474367,0.28245220288017636,0.8253436643017686,0.8682070525975845,0.2955112627441052,0.7754877174850026,0.7575133041821647,0.8019204536361997,0.7165912114225239,0.5394103858205443,0.4603099437463054
0.0948077765659806,0.24740783366246477,0.5139380227128343,0.6400338526329334,0.0977946135440455,0.05184006361399973,0.31888426714384854,0.5493736996735266,0.0932200294790313,0.6307357676085112,0.5763520788326879,0.10943789808176141,0.6075220040140723,0.6994577232718293,0.7339131202408073,0.8794093798135052,0.48282873372849333,0.1543015954216096
0.2132273850057277,0.3022963049614966,0.5988344902787119,0.8230868178291262,0.43310472172853554,0.3257466137762708,0.6181161151442192,0.8374084779067161,0.21781169337529116,0.9350765656189293,0.9122761271321833,0.19065866913249363,0.7159526675874459,0.796768430328461,0.7525232302135927,0.8425320141801678,0.5640444020017938,0.3249104560027869
0.7304222221930087,0.6818047329257424,0.5573939273395503,0.6504388724942309,0.6552013157959913,0.48436276256104405,0.5464809094067413,0.3355069530370789,0.5117226890336015,0.4154801804112003,0.44863968193972137,0.657867701059611,0.23882761330474978,0.30939312371714406,0.3484276644369053,0.4245198959375782,0.6530486208823654,0.7003141747395052
0.6622219489607023,0.627238064522901,0.58778608034428,0.5565819055406922,0.6748701688784073,0.5021346414140035,0.5672146295362492,0.5679455000843754,0.7773852931820877,0.6080966588069376,0.606967617132677,0.6546782911923577,0.4832048124020707,0.4137178728454312,0.5309891740078392,0.4973395245131731,0.41049204283155594,0.4713569511427034
0.2822589118281199,0.331675895418587,0.2390643267817909,0.5174159880682758,0.13848128436237106,0.02329754255587435,0.18699733894754766,0.5703959165686723,0.12419263647086831,0.5429037758578774,0.5461270720223605,0.21070268774170264,0.6425122079626988,0.735476170144779,0.7381184321172123,0.7769620741409025,0.6322280951385661,0.4159994660517725
0.14276295812009565,0.11933608029681375,0.19187516313108066,0.4505292053701204,0.3064269180418253,0.05751212828751928,0.18468121498907974,0.6420567766999616,0.20387410309814058,0.5977307643261167,0.6139043244116018,0.36059137996718316,0.6310990929731584,0.6725792136210116,0.6948759553047914,0.7292986293491299,0.37829809110848966,0.234618894633704
0.6738524858404104,0.6661432271916574,0.5092322936077727,0.612876944257501,0.6589716891003403,0.4413812990068062,0.5610902632445156,0.4245700114055214,0.5120096378035015,0.49478523290234544,0.5023447433239727,0.656853367000984,0.3056584254092872,0.36720707396154056,0.3781542825266233,0.5008380944125481,0.6196229143539418,0.6167085980789215
0.32052338838970373,0.4236701509052099,0.8026691483476491,0.7219793653848092,0.42805240130995625,0.31092273604454457,0.5046070572367127,0.7378614794126312,0.34820521508733915,0.8898462571803345,0.8264459517751588,0.28318609639589565,0.6493448217184881,0.5798144738858151,0.7356421967858995,0.8214208719214091,0.46106479411967594,0.29983565569979986
0.7094564647666005,0.6362919446410022,0.327185967773143,0.35514250921006374,0.6994314569918518,0.6654946536593238,0.6948708497264366,0.44029460906033646,0.6848648852630914,0.41872967282604723,0.41410338465425145,0.6529257521890279,0.4000030878929104,0.38329438079165085,0.34524448566872556,0.323683771356053,0.6084572734573415,0.7168260493241996
0.7489569096767367,0.7267993012458285,0.4902542351012382,0.3017173043936725,0.7475495845148112,0.5221455317686501,0.547803283437887,0.29262868848302725,0.8359482084414784,0.3327409835766584,0.2878849768296645,0.9645172162798172,0.19651010502148258,0.20222076830556884,0.21968520920120693,0.31280354433875,0.40016094050084106,0.4915024943967934
0.1863761417937072,0.17619852235521738,0.4056828661033589,0.8066019536748579,0.6792268019438479,0.4151938642480033,0.7049338282076638,0.8739074115919228,0.31914186982895965,0.8987394449188757,0.9310521279676256,0.38592522742824276,0.6629098623120984,0.7251332259380701,0.6616842735467072,0.7019003016210599,0.40868500773459493,0.24864080353353457
0.7541142708880103,0.6807653193032832,0.39813971404090553,0.5371123007336225,0.5342177047652263,0.5720464571607771,0.5958948709832281,0.20600709354689062,0.5463011809068705,0.23032272515075225,0.26793202638491165,0.5726576772087217,0.20146569596135344,0.2539672168001856,0.26751864279266635,0.24313952454007914,0.6939955857290558,0.77882247574607
0.8919067060865172,0.781200787196104,0.5644823710391296,0.2268472451892931,0.9038068029378243,0.9870891640896686,0.7944107350640652,0.4340593885823588,0.7369807436043327,0.43771775947857083,0.3930064729872411,0.846450368187351,0.4003555024393932,0.25951903956247374,0.3301788152645515,0.19756440408548404,0.5981960434723768,0.8052290769162851
0.5384300260451494,0.539580742644511,0.49667554008776715,0.6015814771716657,0.5335672223544867,0.3698728170553074,0.48575970428824355,0.4734989807020312,0.40382215763950313,0.5331577341176392,0.5351591442842569,0.5243240114432308,0.40651732972387533,0.44155856385095654,0.4894715597130581,0.5623349863086338,0.5910156039408789,0.5499488545972111
0.4601149713686733,0.31167541692180256,0.3034999365971256,0.06877684845969911,0.2421909973808667,0.32032220037980874,0.05365578635242674,0.12266425107393208,0.1724722878411633,0.13015772399560976,0.1095357542533717,0.21978919523732232,0.2496187470995489,0.2164965682737649,0.19379246156564722,0.13900511523540748,0.6038499886420376,0.8022892041818048
0.7843156904714371,0.6672570507031554,0.5870060551518161,0.3755479028038047,0.7777474606217301,0.8650228087946497,0.7120798622427307,0.2732343817819387,0.7042042306386067,0.3106367978493991,0.29188077317071204,0.8041782197968692,0.24669780599942903,0.1953429131037588,0.2596314742501291,0.1771997695059735,0.4878128336383041,0.6675985157930664
0.5609575417989073,0.5002832506070736,0.7412454984523902,0.744802429736616,0.8173980587482215,0.8416295948266486,0.9607288739686646,0.2546185050984797,0.9290798741533668,0.40471307680514235,0.4165182263097009,0.6732108226800817,0.1566395191631328,0.21476347083611186,0.2237990800126466,0.2534631173591022,0.3440124394038415,0.42479669010518784
0.7657685727964031,0.7377584282639948,0.47342632576628896,0.3063149989474301,0.77636358625225,0.523397522970507,0.5560405788177722,0.2981453860420138,0.8582169639213979,0.3306516633857748,0.292618211935334,0.9964263598039078,0.1888219455633381,0.20148119297433692,0.20507576836704633,0.3053717640075688,0.39544890932018295,0.49158206671135884
0.33614953958480165,0.42892760770203764,0.6100139763451269,0.9638094947686664,0.3523061915941639,0.5114159270489891,0.8118167254626649,0.3492607816161315,0.4101303604229978,0.4475170963405819,0.4845975117698502,0.22963151431942186,0.3669765591491172,0.49115409666332127,0.49578463574876963,0.46205852619343557,0.5209101749143026,0.344152545606208
0.7491617489608055,0.6623826677891045,0.5352254398861493,0.47035903065478113,0.7227550406367518,0.5121406196069676,0.49886252720833557,0.20651823885475806,0.6576646949122136,0.2783739878798719,0.29665125036253714,0.861031989918849,0.0993839095903275,0.176946871586723,0.20223325685015237,0.29801843596537503,0.5226335415086416,0.6428812696240276
0.21190172241448912,0.2296317681382214,0.35602001595155697,0.6678457737041859,0.2278522927401312,0.24392000528304214,0.4072438935498788,0.1313576657555241,0.2927707758020519,0.18088423259004882,0.23364006084156674,0.3524823374573127,0.14668842182222575,0.3311934069776599,0.3428096611768354,0.40421195888821515,0.44452417281691203,0.2944460646049407
0.7081105670987143,0.7462888263143004,0.6306085769468965,0.6827596921672714,0.5195456689727724,0.46886912714044326,0.6067001056370258,0.7486502636136625,0.5905292840786824,0.8210715329403688,0.7971269448862106,0.36259422528913765,0.6721254601058515,0.628262331928571,0.6969817311284991,0.7004718457494776,0.6865325234668631,0.6479213241273096
0.10485785969578998,0.1571317441522797,0.6377257446181854,0.7390286023867629,0.41864231701149257,0.23948232646280454,0.45623027386194437,0.4212136808838668,0.32518962694565,0.5649568316542344,0.5471811231036412,0.4154622756805182,0.3416351359404677,0.41039646073845654,0.5011980114372432,0.6924015730108657,0.2597702472273564,0.07939174618704081
0.449908090366253,0.4290739226688518,0.5276090491156666,0.6147133029933749,0.5906561309360419,0.6102311110955019,0.7282937563948955,0.4808564189514325,0.6063205014228354,0.5269711002097108,0.5285115373037774,0.47497329675316613,0.47506833371176804,0.4368296270477923,0.504258262844131,0.4207039963423962,0.4215216427854327,0.437528763718974
0.3907197694367782,0.4578356420769165,0.3048143712056124,0.6095385528900779,0.3329016885299907,0.20686262741699313,0.43511705474090956,0.8859263743187944,0.15558252878929713,0.8695076552078775,0.8579752668455525,0.17984286175733244,0.8202296099041584,0.8951155571230867,0.8098738284471683,0.8473233332829675,0.7935642508788676,0.5815246945952102
0.5586503767077841,0.3966377954790201,0.2695020005306876,0.14386656701309164,0.3600906110459785,0.41255803815280023,0.16749949334682457,0.08765954964022382,0.30708682985594926,0.08981509308107749,0.10553483674761766,0.2789466505775253,0.15430729372195118,0.14044205651102787,0.09555427940777195,0.029899790742098253,0.6585661824196822,0.8873062122733808
0.7591689860972587,0.7300041393576415,0.48978697212327393,0.3691713766726008,0.7645647854028039,0.5189113807430661,0.5628096441542261,0.4384245779243112,0.8619060199854593,0.45456743024423574,0.42849727790735725,0.8914766570214614,0.33273877896755377,0.29525190649015914,0.3419664578987882,0.38090362219035345,0.3990704897791053,0.49049562589187157
0.7325023015793769,0.6849206086019832,0.5011449019157159,0.4114177789986684,0.5980450512781925,0.7679200396493249,0.7702650393167398,0.1286863204281422,0.7100801797615741,0.21128418676776572,0.18141487097832543,0.6053203093033259,0.1158325377163113,0.15623181665356095,0.130315688831655,0.13394411918406668,0.6388879989682696,0.7441920112813247
0.40464306030898733,0.4633542264331776,0.5741677517634138,0.6558820080157868,0.41903146303834027,0.2674653445061068,0.43643441764463375,0.542855633117401,0.2773328321706594,0.6415377090574967,0.61611104472001,0.3812346953208219,0.47769862800231055,0.5195446555884475,0.5790648880986313,0.715898381105099,0.5974984633506379,0.45443795427665457
0.23402216306841261,0.3664464789012727,0.40704120318677406,0.8161571671142669,0.2213977685348656,0.23061633795532543,0.5585214020016909,0.14338534851522355,0.18628062454490824,0.23351073351333973,0.2620354968641898,0.29770021454850126,0.10915796785450738,0.39325805266313935,0.29267636426806654,0.512959735180645,0.6078462358791639,0.30250603237735785
0.32881557762567726,0.390521700489842,0.3212465952713943,0.6643561514141392,0.32721896030727593,0.18807450218683552,0.433872483875386,0.9184842102745319,0.15872004969100884,0.9040669415541378,0.9028540123804207,0.15901731089877846,0.8413495600572483,0.9218440848271339,0.8418362018747305,0.8640636221513087,0.7291395834053829,0.5005892681363797
0.2977172643650722,0.389225617250605,0.6295338928881553,0.9077628992632891,0.4191444875148893,0.5320762805532921,0.8258373500650174,0.26611987628249345,0.40880123849922034,0.38005486221782436,0.40454933233284907,0.3315372857117924,0.2533998753944512,0.37185455868181433,0.3897752277646489,0.39552307488007443,0.431547206352918,0.2774397901831951
0.4057394350760687,0.2444121670051016,0.3373246468579034,0.08870964134342207,0.2785455402913204,0.3110023796644166,0.019512156277559534,0.10093544450877978,0.15279337005995508,0.11077791681614824,0.09747166705876076,0.27197672681317164,0.21456695583506868,0.18401889269517718,0.1857370887143064,0.1141116170601375,0.5540968626914278,0.7618053084741421
0.7316798205449292,0.6359444433989518,0.5852805706641777,0.37429022216067453,0.9624325835468241,0.8974801529306453,0.7777560962077845,0.3540959407828058,0.6766346702030117,0.429712952208136,0.3961143994483496,0.8770190764002435,0.26150979186301015,0.20747022392321274,0.2563179420065895,0.19726751460679104,0.5547753429424962,0.7082176571868888
0.35423701155317244,0.49356344851250067,0.5684508208935619,0.5937070360221339,0.1427444051844513,0.19075847458462558,0.393264283703461,0.889830268202052,0.3337087899656206,0.9334780705626027,0.863434950707449,0.03883796053959787,0.9667044005897742,0.8940120554372442,0.9847208480853675,0.921228670573548,0.5980600922479777,0.37922302384505624
0.16444819288049828,0.24703128539809405,0.6500132779533967,0.8409764012150598,0.44991147806617593,0.342084719968196,0.6275160938715354,0.7961466421732177,0.22625809513074202,0.9146952103112291,0.8907587054495001,0.20916973880884648,0.6766942309654342,0.7481307221081281,0.7290183198012907,0.8249393299357233,0.4919901186953941,0.2619958070610997
0.26098693903759906,0.28990549959911704,0.3824678646857018,0.7283701174798751,0.35166932640281545,0.41055556065476884,0.6122311688482123,0.22293962914335919,0.29432574651187116,0.2706852909440727,0.32167033570109993,0.3434707629556428,0.2271207665592887,0.37904255478901133,0.3543030881096847,0.36050543702889826,0.5086098519791695,0.3707905919056673
0.5222435070784507,0.4605666250923792,0.5231210434339362,0.6419482479889047,0.5561036314887591,0.3966119772570367,0.47291620531808,0.39508206852144145,0.5995496351580991,0.4369864642302479,0.4698026960935122,0.6101751463497189,0.34277330430234687,0.364434972143207,0.4526256988080988,0.46872455840840654,0.4038285482155517,0.4261620721091417
0.5837769765274786,0.5856218101050505,0.4536435257024367,0.6117816056451306,0.3963785938833857,0.3229953022658951,0.4115648580493505,0.3313665242267452,0.24303673348660038,0.40035807465534345,0.4141397530367841,0.4270935934540603,0.30874923396066567,0.424908592146993,0.4310285112327714,0.5419600300832983,0.8067226345880563,0.7408926880516877
0.39159897082978123,0.2260089361746389,0.3219169992095363,0.08163493482125173,0.2934855417640254,0.312185036239641,0.016238508811399655,0.07522744549899973,0.15648883460626895,0.1040917807379389,0.08728333036580627,0.28355105689041715,0.17563633412966473,0.1550924873317175,0.16086628277199932,0.10054739421409709,0.5418186650965218,0.752411469062916
0.8697785054276915,0.7553357456982623,0.5545781650264154,0.22831430384377738,0.8666407571247821,0.9533807160954719,0.7546347282722308,0.42316844014033506,0.7235301358827284,0.42483744838680715,0.3838676106411658,0.8309722816458105,0.40098700245683716,0.2611219555598682,0.34229803937542114,0.20404889649468116,0.5835431138545581,0.7902035802223759
0.6003610670439036,0.6868735047428423,0.5600006859505862,0.5448609704756433,0.401178300482959,0.3200526798814427,0.4586695868190005,0.9238883181946957,0.41805096326753066,0.9510901705620356,0.896196158314837,0.2614904735414041,0.8762106659162188,0.7469654569280955,0.8638614078669109,0.8066728960363012,0.6916419520915642,0.5937547996577539
0.10651169812335104,0.1589889293426463,0.2806471692596233,0.5604503308506303,0.20769918487033934,0.018140185509032847,0.22490941645421714,0.5688167146933631,0.07296057970697456,0.5818180142161105,0.5785567876303213,0.2439618783699975,0.5639278560032008,0.7045285182799514,0.6637475183622441,0.8141347129163599,0.5072210348552766,0.24102811848529782
0.38159513200965256,0.4180907118979682,0.43254746054932447,0.6520378611779067,0.3691311047503645,0.24117370313856945,0.4177953416300815,0.8741599820965524,0.10383436068582474,0.8936907424899909,0.8867544650750436,0.18870909554877602,0.8053897417280862,0.836658934941303,0.8193320700942732,0.8295642969236878,0.7814379831314875,0.6072473869988952
0.2082335006125785,0.24818703369160144,0.42556095320794984,0.5670954309928362,0.1368783263098059,0.12900623650065057,0.24330786933585147,0.1898045568256339,0.20580551340878062,0.2345328279882204,0.239595574498485,0.31261824169960617,0.2616551070766755,0.3799068190055684,0.46252316842456453,0.5166991131966097,0.43600321429283384,0.2791976692880538
0.7243207781935864,0.5877221106758708,0.610800261269155,0.6763335120169884,0.9333611666572403,0.7671079959827636,0.8017833421919085,0.6898299017146226,0.7213962414321342,0.732170056901406,0.7761131308938807,0.6335636349988183,0.5236368034503165,0.4591855224086843,0.5103765999477816,0.4357400513455716,0.5348122572013743,0.6842006309724971
0.6433678308954277,0.6084329534660131,0.6205019196920145,0.55206527622116,0.5598509423491136,0.4637617536115064,0.49285821603133906,0.4386983825683558,0.7171612682485686,0.5003169266847196,0.49895228335020114,0.6035340681775119,0.4132856363262931,0.36230739331725176,0.5129222616153375,0.4732875680689861,0.43446153232932017,0.49248018827389406
0.5651730892009591,0.40549437232712804,0.2705992670338415,0.135987403486038,0.3801710039159698,0.4282160218151727,0.18550955632532107,0.1034908898572462,0.3300066826896306,0.10310571250203293,0.11567926996669797,0.2947654766881411,0.17160693809569305,0.15037735122854617,0.10696856795347887,0.03934898204720094,0.6602227363747366,0.8890225025977188
0.2903441621027859,0.3807635953986528,0.6442648639711903,0.9700146679037833,0.4108746532076408,0.5344031888863969,0.8456210392031038,0.3731087924759646,0.4139516816625166,0.4843364645635493,0.5133196374587523,0.2654849543828022,0.3695374307860557,0.48050204124708523,0.4919420996271797,0.47190140643415157,0.4568961009742274,0.2851260275658365
0.2053531135373382,0.28996154311686473,0.5415889085908097,0.6948854148820911,0.35687846627663133,0.17915465134834507,0.42286056603625033,0.6016108529453321,0.3270004801089459,0.6877038856750459,0.6629472816618374,0.3303485884751991,0.5372086544046579,0.5739621235368102,0.6459987498758846,0.781086939640578,0.3772696307431469,0.16719482070500935
0.6426053611236585,0.6485180193214211,0.589374081668792,0.5965808764085425,0.5744190948282191,0.41039228601448396,0.4999692368568911,0.4042064717486289,0.4983934877011045,0.49894674435920017,0.48795432333267397,0.6009952788706112,0.3200728970812121,0.3556451077654706,0.422329161614849,0.531827847762498,0.5991690048678258,0.5895412990470454
0.633246431829401,0.6564301721059296,0.358736680064915,0.7159755210379495,0.3775956837356802,0.5099187380068417,0.690252024919515,0.2425710879977725,0.45017441261982993,0.2760268232045442,0.31823637984876263,0.35936002333989925,0.23279938720297222,0.4156579432284086,0.29789409785343524,0.3591984845955507,0.822786820928971,0.7447181797076916
0.3018603644121608,0.39156087953347196,0.6284552936011676,0.9681084933882405,0.3961722300402395,0.5236776466239701,0.8315777067213568,0.3675258892450525,0.4143777402433688,0.47362048089414954,0.5063360377236017,0.25868262881808013,0.3681402599828476,0.4849589140624933,0.4928438954873968,0.47124626886561205,0.47373851506309306,0.2997299392658046
0.22516734923164428,0.32237014094252325,0.7289539904225109,0.9853251535162033,0.4084970600336766,0.5455569772429487,0.8518601225336444,0.27125562454894914,0.3708731492536983,0.4223943860933279,0.4433349015705914,0.28364773513922725,0.25620768195160526,0.38298169271595656,0.4112956767737743,0.42714935294470435,0.3953685137615994,0.22335915454177102
0.30200717819158507,0.3319693586668935,0.24312929064169042,0.505119100581596,0.14501157447055846,0.04162897418564038,0.17688845227217342,0.5576833196671145,0.1594525969305356,0.5266718073369627,0.5355236004357067,0.2245755309009685,0.6418458624778807,0.7121042333029308,0.7406284981720597,0.7495855916382597,0.6136141440234109,0.43280034894309893
0.18841422922830542,0.28885786495966936,0.5044475688604146,0.7516201253361863,0.16293498457103284,0.1172057349183806,0.3705151321192144,0.7616841455984074,0.08146748598382203,0.8181935099970261,0.8013558600721402,0.051463870789105304,0.7810767364845748,0.8942365466175055,0.86182907751185,0.9067759064867331,0.6460034741559897,0.345728786921657
0.5979515235299696,0.6568415043541944,0.6886758792199683,0.7036725366082623,0.49903881795950444,0.44869012229755345,0.6099700404931334,0.677142528193003,0.5691080150718117,0.7830317411574244,0.7465752208741656,0.36717944793939794,0.6074724635563538,0.5769752294469226,0.6610285543843397,0.7020674369251225,0.5985688071830413,0.5270056378594892
0.37352698461598777,0.07888505656817912,0.801719300251118,0.3055916241415457,0.7171018215071563,0.8033076783598596,0.28775189626142206,0.16063369136594352,0.5142646525793744,0.2964880115590782,0.29589406110023964,0.6883371462278898,0.22824596945473385,0.0744234717770364,0.42504675801430314,0.086656286244982,0.0828547510037636,0.4284775529658398
0.6840117893748786,0.7308621732155407,0.5320916990123106,0.37195592916753206,0.5845113547127057,0.4380710769297558,0.5182614888622563,0.5907529782450429,0.6630863444274455,0.6418930521540722,0.5660269160266185,0.6147484130160268,0.5196101851451407,0.4432552299411298,0.5188691777035159,0.5898493913758136,0.5371168074953927,0.5316242491624499
0.536189551068771,0.35806809746085055,0.772106148410717,0.5442158747042249,0.8097410058849184,0.8461819838645352,0.6122582254602711,0.16330272536985857,0.7370697555378642,0.3044917810671972,0.3140317718195236,0.6764320474251864,0.13864143520440642,0.10309783501113856,0.24039014524854618,0.10187301406919325,0.2868636605772539,0.5107194997527083
0.17219510163162088,0.23633363806728203,0.5384821755864291,0.7171102495294037,0.5508998831303187,0.5086021789389097,0.770246997976956,0.42322574408458336,0.4610387105105387,0.5295490328092316,0.5095719473597995,0.44273531469034966,0.35780544268009895,0.44624311002838996,0.4187082320278206,0.5161208816862886,0.30556953936666553,0.18185558650461187
0.6897442926287795,0.5967086891135858,0.4826946735316415,0.6586650415795474,0.8775482440044915,0.6771762634328065,0.7725842076073177,0.7282332824853186,0.5285667439226795,0.7669395823849661,0.7971682628282091,0.5727691108617361,0.5294795566820216,0.5380261347890085,0.4943688924092102,0.5240923486973827,0.691986533149419,0.77361188452016
0.8390953044910267,0.7217415267913241,0.5759148387162245,0.25021981064257215,0.8472638821032679,0.9317188250995185,0.7288332759135554,0.409992862859072,0.7233047720769856,0.42212031342639644,0.382208751900851,0.821377215051261,0.39253378453903554,0.2556370621299561,0.35116944084665547,0.20904483049197697,0.5566743591902032,0.7613713766261312
0.7402497760283179,0.7555755332279732,0.6063634182107411,0.4211994934853176,0.60690471317063,0.44221545251050554,0.4871573063843724,0.5631119400054729,0.828496184668416,0.6142938604998105,0.5632872888961304,0.6824592648844241,0.4904023255342378,0.39372636174967596,0.5281364680344689,0.5471042076229033,0.44073846656200133,0.48198917733863933
0.6983398870616128,0.73467292662699,0.4995497129279234,0.5175779383159305,0.4449968585736903,0.32093453965422647,0.39968535784636394,0.49047628585333836,0.3640362477666903,0.5414336919824334,0.5181670601209698,0.4818398152609349,0.46321845332763867,0.4631709523988355,0.5412793837579986,0.6074383936282195,0.762905360523886,0.7221108637857521
0.3939709320231938,0.43511929000075966,0.43733745942626623,0.6667407923186572,0.39414281414866825,0.2759475411740038,0.47329379164809104,0.7476343380110064,0.32863141980281707,0.7784955687377202,0.7737993262294052,0.27548877711813446,0.6887137949279503,0.7306177896206156,0.7266368102950937,0.7670235009765227,0.6152594146986312,0.470079606862174
0.6585725694755725,0.648688750964558,0.5417090085173228,0.5916785492179248,0.5581810718393572,0.61843003450055,0.7229218365270382,0.2196135339718448,0.7157879893889927,0.3014616396153422,0.3007011445892942,0.5829556736350165,0.18533461495602033,0.2656055006921229,0.2547953020099494,0.3082300069897941,0.5555362870988885,0.5800662937346375
0.3343422184226815,0.3977428978729842,0.3335138023045845,0.6792953806239557,0.33567462154222216,0.19839381726612615,0.4497031861494438,0.9242927944286361,0.1679340125068336,0.9135504014283147,0.9127000289053213,0.15901048081055702,0.8412847151938481,0.9217882545301044,0.841777228461237,0.8640721354683873,0.7291647540226169,0.5006150424541111
0.41452655045173603,0.45022018714138956,0.23676763372743803,0.514715192950046,0.36545712455282575,0.18604704172139863,0.35971360149672105,0.8093067806017744,0.07587444739159421,0.7843672086215061,0.775964289092058,0.2510418380555346,0.7371195659032528,0.8278578903344669,0.7257002276507873,0.8122845013792632,0.8632060792755161,0.6849561925024288
0.2841070024213187,0.32961271252206137,0.6524569582781639,0.7443336672907579,0.44416732528970404,0.3185072456858422,0.5146180154165112,0.4208144933020501,0.48272976102848775,0.5537075560599833,0.5410711125833256,0.442762067048049,0.35494697126656005,0.41027846340072666,0.5042445891745748,0.6422175880310566,0.33631980519008,0.21047941366515488
0.7122922823002446,0.6832038408858445,0.3406561683642546,0.5727204579761209,0.645000164853269,0.6261762795182131,0.7474660647106277,0.42195824800887827,0.4708997361615821,0.43923510480412453,0.45786979929182703,0.521758710586125,0.34852934285275494,0.44229144202740894,0.32735057775240906,0.39288133826534466,0.8183032615897374,0.8368997525677142
0.4790980288082546,0.3458919208122766,0.13952424554552545,0.03751160221607508,0.3233187530812778,0.30153523105028635,0.09898586668262022,0.0400697419268089,0.21756812025752348,0.011956644394513605,0.014175891104925231,0.34584887209217774,0.08049382292943519,0.12769535462615927,0.020725056618134508,0.03696594253947061,0.6627435987691264,0.8336480126836614
0.5657475416032339,0.40612728133521303,0.2719187238032781,0.13727076918180137,0.38099050119845823,0.4295287932356944,0.18666181638927126,0.10372274806850057,0.33101267430953607,0.10369919643758463,0.11636887824537911,0.29474875540611545,0.17160923880316248,0.15038401320850142,0.10700618867758371,0.03935251096154624,0.660251043960953,0.8890381142841037
0.48349301791392685,0.485860428741838,0.4773541684135041,0.6602133136781934,0.4858728061523936,0.33635674566627394,0.48107418631158794,0.5491868377643765,0.41006789564084034,0.5940734941549,0.6087872032340336,0.44405398628468706,0.4927829487699822,0.5251856407230231,0.5758285487429733,0.614130950890023,0.5607507637614095,0.49135981897028014
0.6088874627329725,0.6360444711289936,0.5239382576998555,0.7920033819703631,0.4516476740518309,0.5012580752937739,0.6814366391716051,0.7992634429914163,0.34512178074461763,0.8532882798513477,0.8601130667780827,0.1881831975779289,0.7465302159062039,0.7861118053630132,0.7458104955926679,0.7241099594623965,0.8892174702935309,0.7955419089759967
0.166955632414869,0.15795189243118535,0.38823885420757787,0.8200157775948766,0.6119305188163364,0.3893578120308079,0.6822173132554115,0.9456221262500581,0.35911960562346623,0.9485030780078116,0.9855430996955312,0.31787021896487944,0.7567840368456236,0.79477989868066,0.7525083603207929,0.7319319275922831,0.37942975846728877,0.21346723686748903
0.10049309292246911,0.22448803783009108,0.6651679344339878,0.7281819173293558,0.0581556733063715,0.10345022598840403,0.29772269940228613,0.05038949937069004,0.08712704389372661,0.23257046763982125,0.20247877711730355,0.2183502816812668,0.05343557757715678,0.22486177345754438,0.3523752107256277,0.6437976231026674,0.4692971477563075,0.18600337933059774
0.5816171544135335,0.5720569151242405,0.4794742724615362,0.5805906085653096,0.4376473853815901,0.3590867107189575,0.43452707684481906,0.28371574697893864,0.3928627569591403,0.35321087597044554,0.365596580230531,0.5140572922469033,0.2586305487315539,0.34603303614585773,0.38911635350872387,0.47490343830856196,0.6548470558073631,0.6283900288398097
0.160496343876107,0.24979819471858788,0.7204891533193796,0.7810405810391283,0.3545177150536325,0.24092775578927528,0.4759135426177141,0.7197460621077973,0.309032546180219,0.8508046462690582,0.812885246368118,0.2246529976605034,0.6554559738896932,0.642760080583088,0.7603429145556291,0.8385105632821537,0.3597335645008848,0.15272805411916224
0.31436469930727917,0.4656990419697258,0.5013483078476155,0.615014483595099,0.15059016226357902,0.09356569439919848,0.33861660465052124,0.954275522508724,0.007015614384696889,0.9898113949366747,0.9292676822912056,3.2642679882011194e-05,0.9500024467404675,0.999995416113572,0.9612519211402004,0.9942780398417437,0.8415836168735009,0.5171912522348912
0.4620936004161157,0.21583970219398374,0.9094107985494473,0.3445273821113326,0.7341206139111873,0.8514067525992157,0.3763969506536493,0.10235606918752371,0.6635837500632853,0.2815933974937168,0.24749113856110694,0.6594490039228591,0.15039534713910097,0.03759700113660136,0.30536434274678603,0.05937356277884864,0.18598288434691934,0.5087482829293848
0.17029184771390715,0.23373257859984764,0.5333356134820901,0.711220944703415,0.5472384785027387,0.5040395928427275,0.7637575841939221,0.4216975930020951,0.45695277376103416,0.5264267348356733,0.5063486534645678,0.44267858146170935,0.35774688007437994,0.44617562747572964,0.4187125298972769,0.5161116837489228,0.305656521727093,0.18185834608247453
0.7398167471334499,0.7143917023913517,0.4957728610071115,0.30805299852004575,0.7379069027467942,0.522463281792156,0.5457318109221694,0.2739938361599328,0.8348923485765369,0.317799282108018,0.275169104528997,0.9589541592066342,0.18140320588800574,0.1931844376456499,0.21200242452022833,0.30505180950721167,0.39525163922667383,0.48743200534389053
0.8981469677310759,0.7882727544759769,0.5748023734002934,0.23689899293235328,0.9123181239712423,0.9980847407832196,0.8071999115150024,0.4371118905384124,0.7461224351704123,0.4436825933488233,0.39897888094337075,0.8464824438335292,0.40044482015764693,0.25954027968789334,0.33027389314074673,0.19755878154665374,0.5982402531257816,0.8051481960727238
0.8731556736453564,0.8862114620163162,0.546214703725183,0.30205413991142915,0.6972785809998145,0.5299917605147084,0.5472492812977694,0.3526609877507967,0.8563586735651083,0.39913986893136766,0.3337322805863947,0.8924584909561839,0.2809285184896333,0.2432154955568337,0.30040410428057696,0.3663726913526901,0.5009565518978385,0.5818522423785364
0.048239196569251575,0.06129157533931928,0.4489690046792916,0.5738128980826054,0.3682894159257202,0.1852553293899808,0.35020617956676636,0.4602620991817755,0.27232510302963364,0.5215176215013368,0.5132695619836778,0.41539367254311865,0.43725561631466436,0.47675216689724526,0.5610508731345685,0.6501600290328509,0.20950432598787572,0.06161329614437516
0.6488876259682791,0.6958234157809153,0.36006053687070283,0.7489744761365951,0.2943858258636678,0.480348158882669,0.6733821494292433,0.22551547486007306,0.4255334607225634,0.2710344330461394,0.31719144003645616,0.27167724308520635,0.24501092021944948,0.4277036041820154,0.3393827635021165,0.362896046962657,0.87182242588026,0.763578050417836
0.0948077765659806,0.24740783366246477,0.5139380227128343,0.6400338526329334,0.0977946135440455,0.05184006361399973,0.31888426714384854,0.5493736996735266,0.0932200294790313,0.6307357676085112,0.5763520788326879,0.10943789808176141,0.6075220040140723,0.6994577232718293,0.7339131202408073,0.8794093798135052,0.48282873372849333,0.1543015954216096
0.48798963638526327,0.3521652900218539,0.5432429111368045,0.6752353592091032,0.8081910335755633,0.5370888916424876,0.5905020827096745,0.6747757486508141,0.5987420205960081,0.7041543429865882,0.7619692162433189,0.6224531833866704,0.5166752788252091,0.47563727186289756,0.5581080974804089,0.5028339954004342,0.37045731790696235,0.4522705180506774
0.5930507552150107,0.5392930713571327,0.45919600518727455,0.49214900627504576,0.6031342544032194,0.40066712230960366,0.43798891652798133,0.4318564862488631,0.5160317333994375,0.46158361229663014,0.47427357409762494,0.6557951400158941,0.3660004137272248,0.36941025576024594,0.44094257302074724,0.46713868967233685,0.5100520294700857,0.5568765805756817
0.541435628775084,0.5882051930066488,0.5128006657302158,0.6389652865259539,0.49294743043192724,0.3338634700426253,0.5070309990107895,0.5618037450374069,0.4658949158727026,0.6208248522926021,0.608836180367887,0.470032466805661,0.48928871268882634,0.5083989110678802,0.562483165865014,0.643290215599984,0.5715761421422692,0.48280048903789896
0.3099002155261449,0.416917004495891,0.6906683476670428,0.9588027676466133,0.4024023770505203,0.571853044713428,0.880365712249144,0.3569522911938354,0.48319194703743706,0.48147129599950667,0.4947100536866371,0.26272224625586116,0.3658677753027135,0.4574197844265932,0.4849191153501349,0.4580193377880011,0.43276980858985303,0.2776271237589456
0.32338463145549723,0.3497657948960793,0.5665331635362136,0.6810124248209197,0.3905405356680036,0.28922507447733725,0.4516381862411092,0.5155269776709535,0.5034996965493574,0.5924986173310762,0.5890826804997631,0.3920129588159671,0.495696049412613,0.5053742458505415,0.6182205950939572,0.6552309575575399,0.35738714148626416,0.25672533580484624
0.7792823166146271,0.5868144165622955,0.3224985098011701,0.010967149015392863,0.46726247928895437,0.6832874498567594,0.34937471981772994,0.1281136836286959,0.30795500338072834,0.09388367394912378,0.09072842756910915,0.4445828988866305,0.22046805607964826,0.13506235328479949,0.1368255940951819,0.023199214060615647,0.6417743043366679,0.945879005963568
0.2596078050030025,0.2773885565526901,0.19070336559601309,0.6126011193158529,0.2118300837413607,0.16561441461823545,0.34012378438053137,0.15094519556327435,0.14344125737732272,0.15456856534620123,0.2202943702042024,0.3546223091024996,0.1564162428981828,0.39371348958766256,0.3250932316888311,0.426884873519193,0.6225687866966954,0.42808325555540616
0.5194392956497259,0.3911056603312979,0.732604046232272,0.6366865042972574,0.7146597119969449,0.6119105841619463,0.583559318988542,0.23728741028454248,0.6988803240450827,0.3611453632015109,0.3971631103069586,0.7088369457582366,0.1623287839920946,0.19568071270135218,0.31498162177753963,0.30042709643537546,0.3246167308376915,0.45201473824540983
0.7539006109250007,0.8364025681109228,0.5340242594826221,0.6083468591012098,0.5746332724629892,0.4396062599955841,0.6210787262032356,0.8135901673317134,0.3865169158017996,0.8716808205349105,0.8249991447471872,0.38355970503719705,0.6720167644389898,0.6668055727781748,0.6508528764318422,0.742852369421048,0.8855734320265258,0.7923552508648402
0.1748065560813491,0.23979113836999755,0.5457355093199361,0.7252176439225462,0.5560538255279586,0.5151038752784394,0.7796228439453308,0.42524080055361146,0.466741806843213,0.5338470775304371,0.5140542139347135,0.44276280248209754,0.35776462068752557,0.4461889585083764,0.41871209861631997,0.5160619203048185,0.30557857435134883,0.18172086233882534
0.6658492921320306,0.5186782815586519,0.5677858036760735,0.6744662488758109,0.9666069336260066,0.7448472091011564,0.7925202849412769,0.7165766633343578,0.6798773307712116,0.7491731242355668,0.8003517271437275,0.6535544134838804,0.5223579651866854,0.4704850386486416,0.5027982432944595,0.44539372836311286,0.5058392376022625,0.646803456858509
0.7579586519888993,0.6966930312150663,0.575058335827817,0.6009689751923526,0.668472897104085,0.6786337681938099,0.7196889451767428,0.5345681065923382,0.6825424076913702,0.5842335238858918,0.5918545301915659,0.5133511972741172,0.4970082138694061,0.44673798053072694,0.5072593221930384,0.4353622665252166,0.6404080912799761,0.7323312313205497
0.37244542282127335,0.07759610263358185,0.7986582971709106,0.3026470532652148,0.7149358009707882,0.8006965781203275,0.28430801876014034,0.16008847792413206,0.5118898894744244,0.29500998246403554,0.29430114034296095,0.6883331231917207,0.22828149383519425,0.07443570694377777,0.42513128147345647,0.08664595997679858,0.08270840218313613,0.428434258481305
0.27263512052398176,0.38358086068043384,0.44022435184327646,0.6487758625529971,0.2280312357746921,0.10226926160776761,0.35281012668769574,0.6978208248398206,0.2269441556256635,0.7374273556641959,0.7086432795656887,0.19558492717340914,0.6859052642137202,0.7494902682382139,0.7653930718556539,0.8597323093413887,0.5615483250324147,0.3040767766948913
0.45974768636811036,0.3108082369516718,0.13651953417680485,0.04180801025931258,0.40526391643709103,0.3633094042551521,0.14520660462208257,0.11729513643119205,0.20792487257150372,0.06923102160177064,0.0790480508173379,0.4507927250690267,0.17840662871790125,0.1813483679203986,0.1399147867862518,0.09268495844502378,0.5927891402225243,0.7756144455469034
0.08160558103688731,0.1530804304087916,0.5598586574657163,0.6642043215640805,0.27966928909320554,0.15972081383908066,0.370155135315839,0.46141566722104266,0.3102448634411359,0.5604245697036851,0.5352111503761896,0.3207344161301926,0.4567004577210676,0.49251219192969703,0.6110901185942605,0.7292688752470311,0.24843786074280638,0.04905320313190309
0.7795066891728203,0.5872022923320912,0.32267955411597793,0.011089323010478047,0.4673350349494221,0.6834200340361498,0.34990288492778765,0.1281817613540942,0.3081333354424727,0.09403624324586346,0.09079745884039636,0.4444696368836696,0.22052841253406297,0.13509550674031395,0.13688684277249563,0.02321484924223527,0.641907994354,0.9459153543012087
0.7779599563665717,0.585592651816959,0.3204699711419474,0.008874896718081171,0.4657254635017256,0.6813092306862694,0.34694562738609,0.12774672392602637,0.3063685300981036,0.09286203901400425,0.08958759153488671,0.4445757849968177,0.22057464394561066,0.13509103688620466,0.13685324308478242,0.02317683767333789,0.6419205682178373,0.9459177416788243
0.2404965707758776,0.26925715749812995,0.5195659092846174,0.6192852197912235,0.37407450922077135,0.24997078174340404,0.4049747244366757,0.7436880042336425,0.2065735367221202,0.795273257167471,0.7749000528807235,0.25978941063908745,0.7133551807299148,0.6922952853345172,0.7671058781135693,0.7680856586952891,0.4963387717793666,0.354238452487843
0.6849197827529591,0.6255610493713628,0.7015036181797201,0.3772950018477923,0.857439506104688,0.6734728361559865,0.6709248326539998,0.26029486085020137,0.9745799478238659,0.3730107630214836,0.3194261753509662,0.9827946528265386,0.1413014378970534,0.1517052096848442,0.18828867200422827,0.2738074068643874,0.27782972669395334,0.40884353420290576
0.3328790687899771,0.3957904607978826,0.330273600395115,0.6753791058831462,0.333498345990628,0.19554878885431082,0.44555307882589723,0.9227528451885549,0.16541215196836978,0.9110667699287316,0.9101139800443514,0.1590958132227116,0.8413363742933926,0.9216572994638985,0.8418384794797595,0.8639850870981394,0.729378591184821,0.5006530985532864
0.459816012977342,0.31168790816241243,0.30345486001961897,0.06879447792908877,0.2420978856874405,0.32026623657798803,0.053682554595313015,0.12264309546517427,0.17238729633249328,0.1300914393975039,0.1095067361901576,0.2197399153762427,0.24963495011068815,0.21648448710690643,0.19378371970061314,0.13897650656711535,0.6038983672446692,0.802102770144582
0.5907966694592898,0.619754265249187,0.11530198263241243,0.4382612135359807,0.11296366567836147,0.15409297840458702,0.26484895102564776,0.32524865219718635,0.2627016866369063,0.250616696124909,0.2766097269861769,0.2878289734709105,0.4403813117296569,0.5839341468719443,0.523415584157958,0.5354491333449265,0.8433593384401232,0.7287745581761214
0.562887557995677,0.40281284332358736,0.26640871542486666,0.13153983769863764,0.37712083757495063,0.42427166479470113,0.1803056382971815,0.10268239331183249,0.3265465224610522,0.10097789860480577,0.11340564633553862,0.29478704661899413,0.1716567152893248,0.1504382126250668,0.10706858300142286,0.03941664041908233,0.6601042436787703,0.8890224505007192
0.6473770394582995,0.5838742823971435,0.63571610221629,0.4102319416421518,0.7476587487601505,0.5909774794147507,0.5772405504806941,0.1442166942808969,0.7692875434523132,0.25333851256325857,0.2287324660064809,0.918576667227679,0.04888142424893982,0.10612598755437264,0.1484106988867695,0.23734117458815662,0.35966357039434294,0.47810232304980227
0.6423419811152836,0.6281538565903368,0.6132857549371598,0.5079090623806461,0.6370015334199135,0.43507178459268525,0.4860042508331879,0.6356052578917211,0.7565322677120845,0.6805829061136721,0.6592715605442576,0.6377645643881482,0.5428604004504842,0.43740632803756924,0.5899368873911892,0.5644025933131576,0.3940972907872369,0.4412733300712861
0.22571554060066445,0.30216948577681446,0.40242192814206357,0.6695959136756326,0.2481788147260391,0.07974010800111575,0.3184379260639716,0.6540496182623206,0.20842163370971623,0.6912844860922716,0.6845399978278821,0.22981189772784028,0.623243304641621,0.7215349778495017,0.7214794965445304,0.84063096192566,0.5278018628666448,0.27796951740281717
0.778511600044994,0.5858183133770307,0.3206523532411869,0.0093442705179414,0.46600701000547695,0.6816410469160221,0.34757451376491444,0.1278350936298872,0.30670584893340447,0.09309880899875567,0.08983861503155599,0.4444669908467471,0.22054232550995023,0.13512563017743834,0.13684609466435504,0.02325413155859668,0.6419453288604402,0.9461350065017129
0.08114751659138675,0.15227686457347533,0.558124154584482,0.6623157887908668,0.2787149252245864,0.1585318693675304,0.3685686177665306,0.46093282401394176,0.30900382416794336,0.5594203107912383,0.5341902830604739,0.32071550321685893,0.4566863816445703,0.4925158008559905,0.6110588498342837,0.7292469572852607,0.24829434849121657,0.04897264879796692
0.3201959899848782,0.455240123790837,0.4985944280076904,0.5571593081704527,0.21343773243174313,0.11903759925159152,0.33111730691507546,0.8236415397273507,0.023702670177014884,0.8755427026612035,0.8097427530767298,0.10592501180785097,0.8113251032523994,0.8446068818633619,0.8399660309103898,0.932169885565602,0.793368732793662,0.510376057694744
0.389213853322096,0.2365504339482032,0.6991464146606936,0.5946223360167533,0.9392945499128811,0.6255107454885227,0.6430967462192316,0.5773886234539127,0.7869614950219357,0.6588602681595901,0.6844581122300926,0.7993689224049827,0.3910231671924196,0.3422553130798937,0.4369161245035895,0.42842773997286,0.1289801958130823,0.25684678905906466
0.4058454083575983,0.251120267731183,0.7047254333796831,0.6094886238400417,0.9172604519854908,0.6317330805063603,0.6380410150753226,0.60081529409171,0.7496061128712528,0.6809210517230382,0.7090908648592347,0.7517394123994274,0.4299931591103081,0.3625633191995638,0.48079558134930256,0.4350590400778689,0.17141321565614387,0.3028378273926846
0.35927510151497166,0.18277882753052532,0.856625512919778,0.483386883149445,0.8307610183709466,0.9081484278934124,0.6418943710730964,0.4711286757457629,0.6194645340658607,0.591419974764557,0.5660284711678361,0.7667730704197331,0.4329360946641265,0.2636652423476841,0.5458897017950006,0.3026776658187218,0.04895611226853158,0.24984613880219264
0.5975888923338407,0.4708623829632965,0.2765976112746613,0.4991940800295893,0.4584887899908854,0.29667307817639665,0.2768321031536112,0.43284265933552635,0.45426384157800115,0.3829526343498655,0.4617458582211087,0.5310411946302975,0.4400716745532025,0.4525674226371042,0.5405453163947973,0.4546992399396679,0.5759530996632314,0.6534337013174847
0.39645616382775384,0.23127709152492382,0.33215042033702424,0.09192396477839893,0.30019186631785577,0.32122591450023874,0.027542402026478285,0.0770634303211456,0.16397167883626418,0.10918006323191976,0.09253786317712742,0.2835349729976713,0.17558073045765765,0.1550874877738148,0.16087400642484062,0.10053733674943754,0.541924751670831,0.7526679605376683
0.1607172804896927,0.24998013850445422,0.720961860954938,0.7815213246466777,0.3547842136421886,0.2411228969066137,0.47653629641664086,0.7198337054426793,0.3093727285848966,0.8510644649979298,0.8130728997804595,0.2246843902827913,0.6554057059516587,0.6427109140904705,0.7602966711711532,0.8384714859224773,0.35968165246358974,0.1527760499898796
0.43886811699311157,0.4443124672847334,0.18566809236665405,0.6221849436520617,0.2002089795156512,0.2436282498408655,0.4015233147136028,0.3384037034535281,0.34003569101066455,0.29909028284648276,0.36335927308620297,0.2648881939145542,0.4183462197398975,0.5634883719270374,0.5275656241010269,0.489783803429257,0.675920440092993,0.5528958607974708
0.17879542751275557,0.22116781755052428,0.49314508673709323,0.6237481481151783,0.2601309347823493,0.1472900433695119,0.30449951616130955,0.541862677950864,0.14943486647262771,0.6130968653229565,0.598251208443283,0.2537518769961593,0.5498393031114572,0.6089350807753009,0.6717656257588067,0.7631970276035698,0.48897960413693053,0.29791317553260277
0.4719180243827287,0.32899286347833656,0.2756045365706745,0.058621859810773724,0.27829662889922724,0.3318551010294186,0.07758879297793841,0.1374356264532055,0.17839520301745937,0.13623342589923926,0.11663725200977915,0.25214756822621265,0.2541622114077354,0.22288915089550027,0.1918222087655832,0.14078977914754098,0.6306882572138404,0.8239265588015812
0.8609464139519262,0.8136369315190488,0.7929203150816462,0.7574472423507572,0.8595147341953984,0.8887046617483705,0.9740466681762361,0.39205620323622625,0.9264932149307161,0.519616007758448,0.5327172435894425,0.6431945636102341,0.29413747852078054,0.2932782777409246,0.33661446661273553,0.30260377917702064,0.5523459432611293,0.6635267070474069
0.45923547148436417,0.48319296392569666,0.4502498202273859,0.7101684107723609,0.4605608435491264,0.3437937583637858,0.5305300204443619,0.7643977836832299,0.2255516228536738,0.8002476369373694,0.8074104392934864,0.27666683849298024,0.6803840125913472,0.7359516211918173,0.7062915913311234,0.7401769689410591,0.7599142058445307,0.6272941535964169
0.6279454922180473,0.5932508206001348,0.5713105158832565,0.4389644891864819,0.5874099244099849,0.48238252368472656,0.4893277126920852,0.2919408413935235,0.6548096734587974,0.3604018228386259,0.3415499312062289,0.7103328613138402,0.2593635247815269,0.252441120824963,0.3557154934170772,0.3735864507706357,0.4423114167629971,0.5136582307698017
0.6891566339570706,0.6500107554182482,0.6610817338746644,0.7732129474771958,0.6682122921096842,0.5208001346204991,0.6296496470653352,0.41323633279985017,0.6949708110984467,0.5117511342439331,0.5501296794713333,0.6182963278596749,0.3083533034413498,0.3513821119095008,0.42894544147334734,0.4699934974877711,0.5115102010761081,0.5423628689860092
0.659553106215453,0.6787816537214324,0.6188025782181072,0.36947278933640826,0.6322892948090189,0.4779057777910216,0.5161246012658602,0.5693919101884086,0.7402784870328518,0.6418212426193135,0.5663142353969373,0.6676368219358808,0.4902543750180557,0.3940871319990012,0.5063048489579547,0.556117145870753,0.4430905503336551,0.47748665855710803
0.3485931723907082,0.49774618947828486,0.5915800663428143,0.6031648223151134,0.16154180712705268,0.18258069288855205,0.3943867483835666,0.9435296107939328,0.2460755167969042,0.9931683145228638,0.9190538663627974,0.02512099700583037,0.9881211094399964,0.9197826128974089,0.9979724028001127,0.9467852232803935,0.6534519477264016,0.4137522145898198
0.27352143815859276,0.3848461457211849,0.44229349785768246,0.6513471382659102,0.22931579595220875,0.10404879189880134,0.35543825148169894,0.6986002495160313,0.22861011214948723,0.7388910838303568,0.7102094323536905,0.1955637753053825,0.6858604120071665,0.749463421071914,0.7654153234363568,0.8597648705544096,0.5615598551878456,0.3040533532471932
0.6255269751677991,0.7644867108031477,0.5929041050370691,0.4637371061644786,0.13685898396700358,0.13947414801371183,0.22621340997247774,0.8124513123072019,0.1844911968377998,0.8531898728972782,0.7727689177874502,0.10292215059517185,0.9184391951568809,0.7695043833126247,0.9554832274155864,0.8950479799325333,0.8993245260355829,0.726447749857472
0.7918439222051027,0.7253350689640974,0.3250140775317947,0.5503822469265707,0.46846545803828854,0.5223797861694419,0.5539606287252505,0.1761481780163594,0.5103566250076064,0.17565460789140874,0.24215360632620908,0.5254573439674164,0.17755564647760258,0.26287291247738814,0.26423888082110425,0.22127189539393521,0.7789357161527801,0.8450900781027992
0.19602602706864347,0.2682618168504731,0.2488615203540907,0.42344641729235244,0.0,0.05075518847977811,0.1867843460330869,0.14295735823794775,0.11829792699609643,0.13224924963611784,0.11222710657863377,0.26973309564699255,0.2536769907149744,0.41534393793699426,0.4093074969927508,0.519174069247045,0.498279729829876,0.29640013092315454
0.5763302434276661,0.7026920899179179,0.6042134977893405,0.6037041971312056,0.31735145281373,0.3024245377507797,0.4903959646155238,0.8641550736047552,0.4631436685002952,0.92303840713974,0.8550956623113777,0.19490530157707364,0.8457469526015067,0.7655427148425629,0.8551683292392704,0.8515049034174413,0.6858873548667039,0.5300928191936791
0.7170927189668131,0.7381266367020678,0.5058243206085451,0.6375498795749599,0.6154555035010911,0.41802227112758317,0.5594116342102304,0.5153622092456274,0.4372293758163357,0.575943242466529,0.5772852339236114,0.5702054027376959,0.40391871545354174,0.4479047280105311,0.4632032731332749,0.5667182666606994,0.7264688781065882,0.6923453242225399
0.17813598874550685,0.21229708949583137,0.6150869823481928,0.7219801345500891,0.3670524498802614,0.2947864848091748,0.481964945693917,0.8149483394007377,0.2806102019083685,0.8823999310573905,0.8647686320457546,0.19888721014755806,0.794055476688583,0.7371910110280309,0.8508704944521921,0.7837261016191888,0.38743747064790446,0.23897861984629132
0.3835408984902625,0.3625442322790595,0.35084172934678337,0.6338221737065157,0.37778752357242884,0.1964840511454402,0.33350886757996845,0.7370267121503888,0.3465483816716648,0.7173322909385231,0.7506707280487506,0.32199961556708745,0.7041889238553847,0.7048153390117233,0.7682379846815901,0.7220470846914029,0.524854362714166,0.4293564489028454
0.3372238133992168,0.3563853529653449,0.7154008210211749,0.7533566662229454,0.5793132996991479,0.39771902157308814,0.5720610352013766,0.6549399250620913,0.5571172245806402,0.7667114437607652,0.7554059111908038,0.46442689735692033,0.5433013991148299,0.4943927709641515,0.6378383971039581,0.6620892687299822,0.2971699432178556,0.22629396075254316
0.7707974604714246,0.7106340023502553,0.5344290201143429,0.5300956224194144,0.7423803368544417,0.6024559232995657,0.6304551213595118,0.6352873749620553,0.5422650827898399,0.6697220879506622,0.6686866462645011,0.5855313506712583,0.5339812650901483,0.4747495673113566,0.5267003611802044,0.49688157183184933,0.6904788287487065,0.7867158289475626
0.4391506992052606,0.5349766951128132,0.42805496056042003,0.2567293218479594,0.0963833279540034,0.19661451552852327,0.24859220794855386,0.0005872362576156975,0.3008880131182665,0.11520491013939438,0.00904069930824325,0.4166863535200096,0.0261322938016888,0.1620726677164676,0.19901736680521087,0.4818531579894636,0.6429657394869779,0.4942837697808642
0.34304114842779054,0.28549012669461704,0.373570293251138,0.684316563269113,0.47943589127695474,0.3056875597532498,0.44030694295232875,0.8652590096568209,0.3014867798088918,0.8436885250091903,0.887582267883861,0.29471951185814893,0.7867275195014365,0.7609061957809176,0.8100472246753854,0.71467694706093,0.535658308702126,0.4600029126998688
0.18841422922830542,0.28885786495966936,0.5044475688604146,0.7516201253361863,0.16293498457103284,0.1172057349183806,0.3705151321192144,0.7616841455984074,0.08146748598382203,0.8181935099970261,0.8013558600721402,0.051463870789105304,0.7810767364845748,0.8942365466175055,0.86182907751185,0.9067759064867331,0.6460034741559897,0.345728786921657
0.547027259959927,0.49684369353199154,0.539158189245212,0.4956162532903332,0.6519976845179702,0.48627716405919275,0.5390220865650477,0.15497285917510473,0.6851852269997254,0.23136655319150323,0.22878579090901074,0.8428730944869025,0.07315268014817955,0.14725832737702244,0.17801036024783468,0.2827044998446344,0.3379581328857424,0.3973266021292443
0.31171443617449845,0.2253918252648428,0.41267192164188415,0.6312362967437224,0.5087548964143636,0.28953029877308945,0.37538521835557015,0.7126583703490517,0.439342710809393,0.7059661128705057,0.7537801249571849,0.42580484471401103,0.6482550543513648,0.6100380991551702,0.716094059261065,0.6381377687497909,0.3523424547672771,0.3283020210315919
0.4384159151127932,0.53372705195735,0.42627511214154445,0.25504793097098943,0.09544529920035205,0.1951077994181345,0.2469327312163303,0.00027482458339023186,0.29953526480788417,0.11429565047214019,0.008189797063063331,0.41677001531147173,0.02606345174170699,0.16203655744013085,0.19890697357481613,0.48169154127179437,0.6429329620141015,0.4942962611747741
0.09777256540486101,0.13722784733620186,0.3258306111501077,0.5734023759752898,0.2507717087178847,0.059072439302765734,0.2524209804699371,0.4348561278064642,0.15358292322437972,0.4716250901673238,0.47388097492059766,0.33952478552514354,0.42135624771909974,0.5492420342489657,0.5565948126652591,0.7256841754436962,0.39953294902115144,0.17264566960780092
0.30710898844802814,0.27693671744258186,0.6727322612496454,0.7110032266122857,0.5754635719916308,0.34891805743654336,0.47354584051521487,0.749632942094564,0.7065116627891865,0.8110542517756214,0.8230763616157706,0.4919509582730557,0.6433342222164922,0.5234341675810148,0.7366529235300496,0.654574675010053,0.14648131593468405,0.12145612152028562
0.3169048493497718,0.24372039265312684,0.2824108013194966,0.4829854334393393,0.41210734999242926,0.19127065696176526,0.2412665804033045,0.48347028761548905,0.24110124281063383,0.4771554275520111,0.5119946684133294,0.46799938905932237,0.4549943373345049,0.5166530732954915,0.5478306040464331,0.5974420932633777,0.5051774623825165,0.46262066799735413
0.4391506992052606,0.5349766951128132,0.42805496056042003,0.2567293218479594,0.0963833279540034,0.19661451552852327,0.24859220794855386,0.0005872362576156975,0.3008880131182665,0.11520491013939438,0.00904069930824325,0.4166863535200096,0.0261322938016888,0.1620726677164676,0.19901736680521087,0.4818531579894636,0.6429657394869779,0.4942837697808642
0.22420359805402523,0.34279106069109844,0.3779519062608534,0.5577393949774141,0.12647581257078588,0.04278681550619057,0.2645521100915218,0.5506594024605271,0.05404242377377644,0.5862207324482192,0.5484274241090146,0.1631850230369727,0.601810451244525,0.7170253928187138,0.7024627255865132,0.8403902743066287,0.6541632928859891,0.35854821488633415
0.77777578575322,0.5852536687001866,0.319810631923088,0.008409074666538618,0.4652597836133674,0.6806268161597702,0.3462986961820662,0.12758744215775963,0.3059400075630361,0.09263081532482698,0.0893101577819091,0.4444759835584502,0.22051356873032735,0.13508547526891618,0.13684131398835908,0.023260978220221995,0.6418408820564132,0.9460434111938807
0.33329862577881253,0.3962807624949163,0.33116079480352045,0.6764044616189859,0.33399213320003707,0.19622871092049232,0.44624114862321296,0.9230944564289856,0.16610102003151228,0.9116283486413594,0.9106647330958908,0.1591148317821547,0.8413491789746566,0.9216710820603353,0.8418199506459603,0.8639580742352371,0.7292673659479865,0.5008728496942914
0.22572307530707014,0.2610577920162769,0.5533676797027058,0.6810601867928088,0.3695300990599917,0.283542298427121,0.46445592557085025,0.8149640635063884,0.2463838719929985,0.8660184446308892,0.8486218214616659,0.2095452477583284,0.7877158101048709,0.7496606441322695,0.831093332100842,0.7839298535746395,0.469067132982377,0.3187000916791838
0.5587659605696279,0.39687241465971557,0.27000984153085117,0.14439767698605044,0.36043298631200593,0.4129275726623236,0.16825461687002052,0.08780874186007404,0.30745231544703033,0.09012166413110934,0.10579348794721688,0.2789507608276529,0.1544294593866492,0.1404604429778586,0.09563107011413918,0.0299104054695023,0.6585300796296212,0.8872622333697175
0.7392559579978603,0.7135232884116753,0.494504580529032,0.3068179337459003,0.7369900995981278,0.521381834811848,0.5443095794763306,0.2737491346910559,0.833861620233646,0.3171239369178285,0.27453668730831104,0.9589497112225007,0.18145075416717038,0.19321243520997172,0.2120162104448926,0.3050626472885989,0.3952399053041944,0.48754898264006585
0.1501890177678803,0.21134868579420618,0.5875304395334067,0.7408472085733653,0.3991161453950973,0.21552542438362998,0.44826115425659463,0.45283249575374984,0.3186685241759357,0.5770363636205889,0.5641621209086296,0.39509924451964795,0.37419844372342137,0.45507614406835445,0.5225499803205698,0.714138983997995,0.3244756204476458,0.12733485782766496
0.6760487318477618,0.5738944363956848,0.7353203457717465,0.5817150839768668,0.7708579652737442,0.6712529454482898,0.6489262193114955,0.4999548705747866,0.7645693604446322,0.5998640793951107,0.6001369045703053,0.6513341018399197,0.41032818882484623,0.3543614388834087,0.46657223440500584,0.4291495045076552,0.45009667155541355,0.5891427824581741
0.5259948758156544,0.478164557674815,0.4852763929900443,0.457687421282297,0.5974162345714247,0.4161477047783819,0.4587280084430936,0.29927923717309846,0.6489164253768624,0.3466118748508813,0.33869162218504734,0.7431195249113618,0.2458699368921321,0.2623185157981089,0.3316978838602713,0.3878283730286056,0.3529796012360751,0.4015396026064968
0.2679451249397994,0.2921382079871133,0.7467772879148611,0.8388157609134472,0.4810255830807224,0.3530060769220591,0.5456169091821916,0.7407802915505508,0.5243061574951531,0.8533983575312696,0.8514390636904725,0.3268570648918807,0.6557716875846413,0.5965979931644949,0.7611311672246437,0.736533428100985,0.2872751619503029,0.1807440316044937
0.8673567526325018,0.7534144638605875,0.5801802929320465,0.24663946217216104,0.8454982065638397,0.9801940766113129,0.7881321456363408,0.47500442423337064,0.7086656668120139,0.4794001084412305,0.43344673577864623,0.7748836874127603,0.4648457201192424,0.29857393486281597,0.39387292972056565,0.24341793783947296,0.56475479646348,0.7719051806328303
0.5702427491609762,0.5453534800722155,0.5516625148901579,0.6582396453735533,0.5766864788216106,0.39470305251232807,0.5010645651328498,0.5065023707020903,0.5969256587947642,0.5630227434715289,0.5841686506512662,0.5676407156202916,0.4258044431654089,0.4302401627391796,0.5239425637075565,0.5481146450217054,0.4669378237743338,0.4646467198276796
0.6615364769853477,0.6587080303624948,0.6126629959882806,0.5915661198448192,0.5725045429145885,0.44222141416612626,0.517307674758122,0.39683674972359084,0.5861740060668397,0.4906097476156397,0.47957356162041087,0.6049315450263777,0.32728813636413134,0.3474169393961907,0.4309345884005409,0.5089019364014,0.556903372010843,0.5683973561260625
0.778511600044994,0.5858183133770307,0.3206523532411869,0.0093442705179414,0.46600701000547695,0.6816410469160221,0.34757451376491444,0.1278350936298872,0.30670584893340447,0.09309880899875567,0.08983861503155599,0.4444669908467471,0.22054232550995023,0.13512563017743834,0.13684609466435504,0.02325413155859668,0.6419453288604402,0.9461350065017129
0.07971434107645792,0.15018454320060326,0.5540277494829495,0.6577648081076419,0.27621679196056115,0.15558359139531808,0.36369281980311374,0.45978167586331786,0.30601669746515414,0.5570127876464048,0.5317316277729283,0.3206813849922645,0.4567317052581408,0.49257922384441494,0.6110915187738679,0.7292867976768347,0.24831363111892713,0.04897254121758299
0.19438293986308863,0.23575844139267055,0.5037763573190808,0.6565261069141481,0.35199684313641355,0.21793356049407686,0.41415627245280273,0.5461403659580542,0.43964034105006355,0.6062908524681796,0.5986981296979867,0.36641143337709825,0.5291302180143418,0.5430722447324372,0.6455579466708512,0.6936569256351874,0.2766777997626584,0.13159614801883146
0.7409349167200029,0.6983912661674747,0.5268711137131987,0.5257628972781085,0.6470720067123257,0.4688279386587211,0.5138221092310586,0.5203201707427622,0.6537073527556903,0.5651482699432806,0.565433120951699,0.6393261394342351,0.4259027142939884,0.41679693130662115,0.4737814187626541,0.5163648946327961,0.5792171037584002,0.6431137192881984
0.26777623813299634,0.3728036624958788,0.5088917417154168,0.6242147010300902,0.38898649323222023,0.20957491543527418,0.45474932214240127,0.8505030725349034,0.1460773345352453,0.9222866625615873,0.8703358860133066,0.21914855242080922,0.7268476552771974,0.7794018606288264,0.7435598090385107,0.8930324123910147,0.6432804235959335,0.39753673991865757
0.5024405881699484,0.4741131852674305,0.45405553926187237,0.6185427167227426,0.5369781853757065,0.35150160917458617,0.462938947910128,0.5014973842880911,0.47729761712929974,0.5284533092536328,0.5562763352807751,0.5382849393928897,0.4435815754370076,0.45648076906619467,0.5325033877029464,0.5400733926107226,0.48664044073844326,0.46304883437121136
0.35892501212007766,0.41211989499454305,0.17977702294850006,0.41876344557512457,0.10905713163202524,0.09263245779614948,0.2196208490970326,0.1463196101159956,0.17664380460006068,0.1332290303903616,0.1441273273326762,0.365322550631636,0.2075574252543141,0.37838228329189755,0.3657602638780675,0.47582915643366186,0.6461764435037087,0.4762119277891228
0.3730225703211806,0.07821155730862017,0.8000177967195294,0.3039221763377693,0.7159890576234516,0.8019812834499103,0.28602783869249304,0.16037871567927486,0.5130419365473147,0.29578085251086716,0.29511293032478303,0.6882504799926064,0.22828091136893258,0.07445549938677426,0.42507494745169483,0.08671278103571489,0.08276994283784389,0.42838675523536196
0.3189065414457185,0.37717726638483295,0.4571492339866081,0.6719454408374048,0.31375579455371416,0.17764212364265974,0.3802765243111108,0.47735896759409524,0.2855409981473618,0.543865085376001,0.5416304903931111,0.34011687247912326,0.4487785055611859,0.5481971784230919,0.5758577395431996,0.7165700863346034,0.5363996414757517,0.35086110441579277
0.18919504608369941,0.2953860278207794,0.5073580891152916,0.7068098331694155,0.1966552474216412,0.12856873799092083,0.37800187524290196,0.7477970852078359,0.12760968592588018,0.8086565475448328,0.7799390221972344,0.09843030851056467,0.7520489639691319,0.8375446507872077,0.8276532913465693,0.8942468841685931,0.5906857218576922,0.3083491699681633
0.29144324709752356,0.4107265379858309,0.431143163442417,0.5058871866863814,0.21083325443310041,0.10907956670342767,0.3068734092208931,0.7808116707696657,0.043165187015704376,0.8123148886811917,0.7508745116924307,0.14012359762177873,0.788292292938747,0.8168964951659416,0.8159878801390588,0.8968988391873711,0.7320229763924921,0.4701123598288415
0.7769036583051147,0.7721497521547489,0.4941542928758169,0.44853832700929397,0.5410511449947923,0.45780017388995553,0.5013691726846035,0.24432696198876924,0.6700057617334876,0.29749946041681463,0.28303007339469377,0.7072589633935069,0.2095820924348787,0.24887340630633797,0.3004404967815506,0.36690120305757135,0.5865670550762829,0.6304616903611029
0.2271692070326602,0.32346421634586164,0.7407483938693757,0.7718870279714465,0.40402590525011406,0.29022662383331976,0.5242916944623452,0.6740107475867374,0.36037403193452455,0.8195755359254016,0.773640762170746,0.278304431868031,0.5933965133921697,0.5855996756980586,0.695950342048842,0.8082978221388923,0.389775402324936,0.20069041182648717
0.17242225486190066,0.2255986630201685,0.27907810942913613,0.5625559752375846,0.18862481693103894,0.05376090945105716,0.24996760782078686,0.6111311207776207,0.08141090643589344,0.6076011550459441,0.6058237440746947,0.20183217332868164,0.6407548112976291,0.7582267132552944,0.724423223423881,0.8016287482852968,0.5759584599987309,0.32803995972937505
0.5772704513740755,0.5324758026840601,0.8515324349272446,0.7344316012327554,0.9172166858384714,0.8818016318789423,1.0000000000000004,0.2327288542340148,0.983488281696979,0.42101394592357244,0.40949449647372216,0.7740605830770286,0.0966728597591292,0.16880578049751288,0.16379351609870363,0.2517971460476893,0.29902627971647533,0.38561043120654515
0.33373863375180857,0.2602874298858906,0.40341740643389734,0.6442140303761255,0.4819272092769593,0.2921072020194013,0.3897795309570178,0.7718701590448389,0.38558800206833643,0.7579437062198442,0.8021873290964834,0.3640591424933812,0.7164620629409606,0.6699122445202745,0.7679329100711212,0.6686796508122106,0.4267919644267528,0.38702055872120056
0.3354969588765423,0.3937627157020036,0.5730984047424439,0.6622289308122875,0.3591543397590755,0.2506151569655688,0.42120081975348356,0.531686981257081,0.30542396448391695,0.6264424923133418,0.6029447592222534,0.3357414561201659,0.5018324666854697,0.5386781225694777,0.6149371990740597,0.7198673559538626,0.5208288854499712,0.37042894867942366
0.7809172309867048,0.5888114247096357,0.3252346437725593,0.013641712454144361,0.46925795254445757,0.6861667157983349,0.35252593888501993,0.12871164748619324,0.31016916412305173,0.09527123871454446,0.09208908495878099,0.44456003301794644,0.2205243834590307,0.13507967539316407,0.1367757280804831,0.023161919623824856,0.6419636302111777,0.9460355419651214
0.6389552048963875,0.429272198152004,0.29258922495201656,0.002804971805905776,0.43428757459774725,0.6351909079116096,0.29729346081197194,0.11710658979837685,0.29359293203628356,0.07601492899559625,0.08094342354229878,0.4282092171441745,0.21821703844650353,0.13295293869238062,0.14585315276343036,0.021804330462503296,0.4986924256563956,0.7920095305716872
0.7295336297695566,0.6948801671206208,0.5577463803206681,0.49078229080113545,0.7329561121824317,0.5111163015148592,0.5633686852128408,0.4282339046886183,0.7442556045497968,0.4839034784764251,0.4705911599638861,0.7838512767195944,0.31864096939317466,0.3114130402025375,0.3654053546860476,0.42630647699307533,0.46201999065500865,0.5386574907392132
0.5586503767077841,0.3966377954790201,0.2695020005306876,0.14386656701309164,0.3600906110459785,0.41255803815280023,0.16749949334682457,0.08765954964022382,0.30708682985594926,0.08981509308107749,0.10553483674761766,0.2789466505775253,0.15430729372195118,0.14044205651102787,0.09555427940777195,0.029899790742098253,0.6585661824196822,0.8873062122733808
0.43733853180937354,0.5325140045128771,0.42423453982271697,0.25286438375126297,0.09419255146582883,0.19351368067601804,0.24432282261505422,0.0,0.2979053659502151,0.11338855814382431,0.007233230836547699,0.416736887907198,0.026173172184065674,0.16199418951372174,0.19909094894468082,0.4817786199467742,0.6428494388732175,0.49435902327099135
0.6127322059608188,0.5700127825146337,0.9965461291116089,0.8370492911924323,0.7390225425993842,0.842134711216421,0.9038687029676944,0.3097240255461947,0.8573048753545343,0.5170342221837456,0.5066656832671197,0.5600921545942601,0.25153070658088894,0.24659104819374617,0.3681101251917187,0.3404350245656813,0.38975457329771324,0.47817770390434866
0.31462372461908183,0.007827809524801665,0.8685494197604373,0.28992257245651576,0.731997618054552,0.8087425190799573,0.2608126620766975,0.05939366548740599,0.49639351607722837,0.23493747051821567,0.21364371967649998,0.7149139929061612,0.09960037991806325,0.0,0.3182454487327553,0.02943711005398819,0.014571317135753992,0.36718747806208074
0.25940778831821476,0.27739382857688133,0.19019668742537332,0.6119641104161389,0.21151704825862083,0.16536690248420793,0.33975640274462693,0.150828841783478,0.14303560280497907,0.15430620708214637,0.22005166290403388,0.35457949752052165,0.15636965753902798,0.39376884899784564,0.32508257555259523,0.42689987241937977,0.6228317430361392,0.4282372227961908
0.2745370714741985,0.17276532532465438,0.43308838773310177,0.49984382413098016,0.538263702293676,0.28603230952240377,0.30307565899364697,0.4302826402777554,0.35464696412935615,0.47117581302872025,0.49936943213247087,0.5898716233430372,0.3638368666362255,0.3934723487860751,0.47741956395053187,0.5254472407793627,0.3288844265756039,0.34259070757598153
0.1599854934531365,0.24908194111148574,0.7190511942788778,0.7793711423903638,0.35356568347796036,0.24011174844543204,0.47391363336990233,0.7191760224480597,0.3079739656718954,0.8498235572618997,0.8118547734983865,0.2246721333722972,0.6554238626886537,0.6427444532041038,0.7604327158704982,0.838471031632039,0.359678317605453,0.15275399983289772
0.5557884144863571,0.5225414881621822,0.8772051103630516,0.6727307580889401,0.8052365603148763,0.8894003181710475,0.9755064115034844,0.246080168564082,1.0000000000000004,0.43747285092847643,0.3952675354278212,0.6846244684522238,0.17090281811265418,0.18534258462055714,0.23819320637797103,0.2609259656854661,0.28317002266368063,0.3752695375078732
0.18842380223665345,0.246089422197445,0.3286074934343377,0.5999346789442508,0.25282396363024096,0.0837427883396229,0.29587485521184664,0.591481087061962,0.0992107206519699,0.6152826927418937,0.6107864592937777,0.2505420772370892,0.5737660357738879,0.7029947369422807,0.6624893428381418,0.7979280270584919,0.5768427137173682,0.32843712864319263
0.26450043452607075,0.29711608571206827,0.5852190248763569,0.7473515792704064,0.6133834273760821,0.6005589595434162,0.8305274447340607,0.38228194708085506,0.5885349212932081,0.4980373200283028,0.49239521979240575,0.4889053718541394,0.31234770838535353,0.38978669714814823,0.3771669859200151,0.44330894522166764,0.3144479992096241,0.24515901282054675
0.7894192707807811,0.6558319716816543,0.5844562200688008,0.2849813555946126,0.7848486529807872,0.9158056149115494,0.7034822775571934,0.4096270031475058,0.6733177341337049,0.43139099825205096,0.4042451015129158,0.6991784630764284,0.42561529445633983,0.27573042681101884,0.38874751724734,0.22387356456710594,0.5176726173117807,0.7372925431462676
0.30861823068620187,0.405215767928784,0.5330514835815312,0.7912451706071839,0.3983451036670307,0.30710752675464015,0.5949548965550933,0.8480589779957881,0.20154893506250904,0.9182877235486064,0.8974813531432986,0.17405642112361797,0.7450578465914188,0.8346280708469929,0.7695528354017536,0.8457808561555413,0.6823392111252156,0.43984096382413274
0.46619124533672174,0.48559687324285905,0.6466354663596641,0.5330623660705665,0.5660506523778099,0.4002254680270112,0.48667373531845204,0.38988363472475907,0.5763513822669117,0.48689457181296714,0.45316535414776693,0.6520730680079125,0.33610759490672026,0.2987670293588756,0.45108784294438076,0.49529793726236093,0.33314406413496545,0.3258820974372538
0.4600041241546732,0.3115068592321326,0.30354296387710455,0.06886474710162105,0.242106844478176,0.320591631130124,0.05337453600094255,0.12271559007583532,0.1723977637089371,0.1301240877653722,0.10955692506685955,0.21977307693011738,0.2496696665790955,0.21659440503800603,0.19376348380438135,0.13902934459087724,0.6037734543278999,0.8022247879228654
0.2923308965283965,0.248632134705304,0.41971154065548566,0.6423795597470288,0.29787320937685435,0.2983985684854833,0.3832112594684407,0.19854867668864784,0.4048798635125257,0.22218695113006626,0.2901106743805417,0.4096952170423378,0.2537619789028196,0.31626848342747554,0.4518586593446401,0.36024291372066375,0.34952959449773013,0.29772472433388586
0.1671647795023411,0.1580795282394034,0.3884978177394607,0.8204540979357033,0.6121469985247725,0.38982415559136685,0.6827619199722275,0.9457468931114466,0.35937346860844244,0.9488130295378092,0.9858422198671168,0.31777889942727877,0.7567697111885452,0.7947600138363846,0.7525298485635759,0.731978580019278,0.3796096884156166,0.21378889170332815
0.7025849803414425,0.7037808041312994,0.5467813411134133,0.5124152018472814,0.5503412276142454,0.4044212615235714,0.4736376299728722,0.6865178170565123,0.7271705290522372,0.7086271869019185,0.6883370861330724,0.5338017287133676,0.6240006354744818,0.5227261475041831,0.6531565103998695,0.6172631087482412,0.5048822001200102,0.5298579871128473
0.08020914713324612,0.12940608768045725,0.6458205229847978,0.7366314091001516,0.4190712057822943,0.23788554797365924,0.4510490646116958,0.4114594820501606,0.32627208540835584,0.5591774510867304,0.5406825702789138,0.42025268324802867,0.3321964877335746,0.39843214119228504,0.49643814472150405,0.6887249048505559,0.23001739044052782,0.05186634202638629
0.20164852046678117,0.16046277726122882,0.5697206705841018,0.6014509495896281,0.48327666371205047,0.38188692715014705,0.46519761339019494,0.16520450287886257,0.46222907988182405,0.2649028105901836,0.2855232290097114,0.601918991937159,0.1339915241867896,0.20087836313694213,0.3204676167231564,0.35617498121733604,0.18445258291686972,0.1640923665591063
0.5578099198142316,0.3954485282212099,0.26781564986223394,0.14203879489830973,0.35895928203615957,0.4111960414220355,0.16520366605797587,0.08727285770717119,0.3058255625042059,0.08893947081443065,0.10455880705581633,0.27894726044413587,0.1542104608989181,0.14035896924598384,0.09546696733744287,0.029831398139285814,0.6585443182826938,0.8874228050334767
0.04982158592513952,0.1600450287590509,0.5260577859810134,0.6198649180394553,0.28959696454433903,0.13383575768142686,0.3852985834703464,0.45902454959763295,0.2243177783091288,0.5639209446918771,0.5156899076545438,0.33066177087375337,0.4269304630370665,0.4834897421303232,0.5589791910403794,0.7646286686195791,0.28138876084744857,0.031281547848743374
0.3398003700616682,0.281568639318613,0.36648356604285093,0.6759511223148449,0.4743677967258979,0.29919081800681235,0.43168579371346905,0.8620769531724093,0.2960286476106764,0.8384297744848739,0.8819731472312471,0.2947253307644304,0.7867480592271858,0.7608489698532526,0.8100128351530724,0.7146670102990142,0.5354549746630293,0.4598912647963884
0.17049756548551198,0.16971294286074556,0.5069773061284519,0.695166785733563,0.437988757774624,0.4681464810426528,0.6258839164719832,0.2503950210639848,0.3754552972406153,0.3322534941008388,0.36011358901370505,0.41174843771702796,0.2509583235651194,0.3354704899906748,0.37889325336508084,0.3679336398578903,0.31202645603783075,0.23653157000764957
0.32137060940796613,0.3129484587674767,0.4040410142770843,0.4210420984306422,0.38333689144326333,0.21942769088262892,0.2859595648333584,0.45112820782193674,0.42626120419188007,0.45642417725548623,0.44603332834948595,0.5241012569706183,0.47948635534366746,0.4236245753643561,0.5830165298665264,0.5507366373941038,0.3089738796371617,0.2714660926073609
0.1369447181197948,0.2489418255268263,0.4505210683526135,0.8867596367321058,0.30122674802621874,0.4180461153933943,0.7387392750545003,0.21931945958328747,0.16555088332285495,0.3096340887793103,0.35256056844219175,0.22717433123425357,0.19707987210553912,0.44513402999469637,0.33152137124348324,0.4088799022719256,0.5518191539026247,0.286662758272753
0.598330061973437,0.6470986269347763,0.6208314857786719,0.571600884971617,0.4456121387130374,0.34259439127621727,0.44033181592965454,0.7879744338089494,0.49048320377377186,0.8444266276569381,0.8040380231850546,0.3513689529966142,0.7399057013241537,0.6256427616231626,0.774163026644691,0.7429336850808022,0.6057658127320897,0.5546957235955206
0.7404268527207,0.7558556142289028,0.6066617183190068,0.4216599080842198,0.6070910238609424,0.44274236110178444,0.4875318132454285,0.5632850408111607,0.8288517450309967,0.6146698721701607,0.5635821705803903,0.6823407729591746,0.4904945793039699,0.3937755050701975,0.5282263104565192,0.5471790440267192,0.4408379303862384,0.48192456842433384
0.38084817581920405,0.4164021526189361,0.4269203690502468,0.6859098874956184,0.37992169238905915,0.2759169279949938,0.4741799739615291,0.7576201743487043,0.30867712918816137,0.7812227414703481,0.7843367597723825,0.251695707923993,0.7099026583675929,0.7534962556706022,0.7487771800790677,0.7647938547657274,0.6226706163993356,0.4738066184973071
0.5656998434197079,0.36474076214918716,0.7847766313244016,0.4818734629352899,0.8034187266223161,0.9000785092097625,0.6064924366580011,0.21088416788833608,0.7505678286664925,0.3195534067796353,0.33446914971426067,0.6646600932733884,0.2155163143176948,0.12957376343607313,0.29210710170082765,0.09985958008012497,0.26604335254932043,0.5250283783678864
0.26650803918897903,0.20691208841176012,0.2289823126435504,0.6017513276717872,0.5517376302994068,0.3250975321963465,0.5018821974934919,0.9775384689156252,0.3224814377158185,0.898389778532837,0.9380529944626526,0.3339423523438527,0.8562975579454273,0.8031851152734562,0.8210635488958018,0.6988765318621866,0.44500545119416257,0.3595026725567314
0.7158904774637976,0.6827824137411826,0.5089793966823501,0.6024284787813126,0.5122418252814736,0.49548292437418384,0.5500925514450561,0.27555956599012754,0.5680453192176484,0.32742225483150666,0.357459332412174,0.5554164809966862,0.2645777632084513,0.30905116714951625,0.37565050229091956,0.3626114750698215,0.6354149685708876,0.674414675520961
0.5211378159202119,0.5211513985366965,0.13997662579727743,0.6089093832757979,0.21799985850833958,0.257364604294815,0.4095887261562039,0.36472529490094774,0.3209040791412838,0.30458941596807954,0.3754455551158755,0.26894797053580666,0.4442393215523104,0.581513523946873,0.5337937656813172,0.4790538552098942,0.7665757559345205,0.656546848702233
0.6986129905290003,0.7188838641166675,0.6540843240914516,0.5348504182694689,0.555606705539901,0.48021518830920673,0.5428019471331504,0.3959858111237601,0.6658211791687982,0.49202089101915214,0.4486487889610282,0.6122889132838749,0.36565048239706854,0.32465712462204616,0.45447096497892914,0.4839904287414576,0.5106584465167789,0.5365867297378832
0.7718010715857079,0.7661385137800374,0.4853543080170586,0.43912209914159206,0.5347867354716189,0.45008034545885955,0.49094245892769495,0.24231020373273804,0.6624198752117056,0.29282784930193406,0.278097747397444,0.7072306931192507,0.20954760774902614,0.24894575010521253,0.30032251016709166,0.36690715073131464,0.5864525391785487,0.6305180010202078
0.7344885587749991,0.6870875825362766,0.5046433782750497,0.41524407609296476,0.6005692334679369,0.7715425095303443,0.7751660546736141,0.1293818735357446,0.7131451206216672,0.21310551405919176,0.18330474385317497,0.6052585496634488,0.11584673262884171,0.15627045164976866,0.13031199566320106,0.13400862722033446,0.6388761353489263,0.744296624960723
0.7418343120625833,0.565110721941056,0.2763465966402121,0.019230327732564056,0.5521352058384139,0.6457938666059331,0.3429384234978534,0.1246717563350781,0.3103697815902442,0.09923089601079749,0.09672623652147294,0.4985048289413545,0.17499733601330825,0.12075401129377683,0.089787371757176,0.00852344387268511,0.7070188199242302,0.9928432258254469
0.39682908070401546,0.35680874258098805,0.6291819105427248,0.8170106244602566,0.8035125560529888,0.7124112986718321,0.9021195505120461,0.3053168694976911,0.6690037633008457,0.44128711608478954,0.477004126567228,0.6338559378664064,0.17431342246520798,0.2816890702816975,0.2503673722352999,0.33600266965511905,0.35990271440116617,0.3615055577038957
0.3286181439054533,0.39254838705508077,0.6174956029394356,0.8359936136444777,0.42532478571619436,0.39457365796743105,0.6391121240802811,0.8315935263981729,0.28531949156530567,0.9219484987017472,0.9103936599188085,0.1738406405449473,0.7495417841061485,0.7966180682760997,0.7825448817319884,0.801820701712908,0.636359543377534,0.45583372556497603
0.4528633646923853,0.37672232756179147,0.4596135492391027,0.8164518826319838,0.7713013235474129,0.5443984381330211,0.7258895506797924,0.8388489544060491,0.41464838146489,0.8694318822817955,0.9267323934098393,0.43809070216098167,0.626990492221912,0.6619584586087099,0.6238762219853444,0.6293315748301116,0.5869941789235258,0.5568340341402418
0.8053734569884979,0.6908346079117336,0.6015839086559294,0.275854061676466,0.8345881333215963,0.9228245192169267,0.7240935829262112,0.3547385029637705,0.7079309942877092,0.4051765934893008,0.36318566564479626,0.821696892406673,0.33056396027013357,0.22174074643531744,0.32967947102331907,0.2037421716233052,0.5368250865931528,0.7316547944949061
0.393355927660738,0.25395616185309056,0.41938624773663236,0.12795904542154046,0.37452284027172156,0.3324957252458498,0.052806183893941316,0.043851979497218085,0.1642690677048564,0.12178329817689759,0.07891941158297078,0.356231229364677,0.09636248078424703,0.11513993542949952,0.10503839114491687,0.10269654192703137,0.5840392159492993,0.7692422751482719
0.8679148518451895,0.8501055398254866,0.7790253238637264,0.5497835565707327,0.7518463370186839,0.6461994303316976,0.6656324577771664,0.44807599138679477,0.8174329767197532,0.5792097133979899,0.5353509810889068,0.7121993467430558,0.33954142446673474,0.31016561703132267,0.3983208460503944,0.4590563369390881,0.5716587152292305,0.6650365618486576
0.40282688695767954,0.29582318395274854,0.5231392305258677,0.7271714498351298,0.7597181926352004,0.48810851083488194,0.6021221914304644,0.7352944257418952,0.5902743281146985,0.7627376789808429,0.8181828233566892,0.5603422562613407,0.5686738613127331,0.5357868132556698,0.6090406874700793,0.5622354767299078,0.3282660907572086,0.3532345407655577
0.3133593078512632,0.46455643207239294,0.49944810910599324,0.6127005294830825,0.14943317470207984,0.09223032301568734,0.33622181278507624,0.9533129725650218,0.005743962836206595,0.9883069111529343,0.9277819074671823,2.1887154437738587e-06,0.9499453088832805,0.9999762386322624,0.9612317538576498,0.9942817530874466,0.8413012002617128,0.5169730440071083
0.7100773827712598,0.6115083206251677,0.6042865559689776,0.3650553090586821,0.8662932924934379,0.8672682427656695,0.7384060115160871,0.31747015797315825,0.7387221470175303,0.3659427082709541,0.3246802823116588,0.9059824049609231,0.25210943653847373,0.19876199006445378,0.25316915496220393,0.1967551318802947,0.4533675366318257,0.6016049127070868
0.6268258954242526,0.5838747350616387,0.32406689122628496,0.4127617879497132,0.594851578920933,0.4012661953495664,0.459583103394694,0.2941994388289426,0.5156175855983371,0.30166072942292654,0.314264376820901,0.733953026874673,0.22982479743872009,0.2964668802614934,0.2867037539288082,0.3728504135581907,0.5586775208009371,0.5957400116236875
0.8331362898506146,0.8311596860770916,0.6041870576354453,0.5640483224057076,0.5486729139285755,0.4618194088554639,0.49424845272645346,0.4308475908820838,0.5389362140384844,0.5037670856914516,0.49432191549306514,0.5655724252524681,0.392319803274342,0.38033029189832684,0.4816394848125567,0.5036450278466884,0.7314142894712508,0.7737424537825968
0.5576543267708712,0.3955288560624839,0.2678965843292733,0.142185172693015,0.3588800353166952,0.41084842987288095,0.16554519267598922,0.08734816668024181,0.3058593635744291,0.08902570476491811,0.10467593113081208,0.27889658605527434,0.15437315469501856,0.14044727267663965,0.09567748561054401,0.02993818571931739,0.658391697590264,0.8872856758195584
0.26289911851118897,0.2816761665395495,0.19780966941023337,0.6214598958659163,0.21673061628372503,0.1718314689298457,0.3495753382062441,0.15255241165345768,0.14886345968702575,0.15845191856892948,0.22455485688847676,0.3546146664313563,0.15639256897776055,0.3937220536227421,0.3250662838399414,0.42687617627481633,0.6226862363210943,0.42825119774225473
0.7480909819557308,0.7676379359290673,0.5790562265895303,0.8379971735604519,0.4819877221762987,0.743374632283611,0.9240536213956259,0.3697964811635963,0.8005834903172167,0.4328372594257184,0.4703946464408013,0.3260996661341713,0.40288115900137655,0.4198580305848519,0.4503554025480201,0.32876665439881814,0.658770494012477,0.6543090718270026
0.31134533559429867,0.4158824417648799,0.4180448379705175,0.8031733635732161,0.1488219663878081,0.24729575875646814,0.5043753058364526,0.13241782607216745,0.11201571739809957,0.20865119698111245,0.2514116330813787,0.2114996769382882,0.1413886950901484,0.4130811823330724,0.3362691288124471,0.4592106074803992,0.7402336075965639,0.4668150050001052
0.1506588881407992,0.21181970060954547,0.588836753893061,0.7422731475492705,0.39995157076033805,0.21647321518861107,0.449868058375658,0.453226452229318,0.31953983618293513,0.577770102872422,0.565001930469323,0.3952340540481869,0.3741967985797585,0.45514112692539416,0.5225111587113846,0.7141279561412692,0.32430881673774414,0.12727961559144396
0.21006856546852826,0.26229587654495523,0.5263854652027904,0.7239378426742129,0.39165775426095517,0.21573592370435968,0.44152997075578115,0.4850277249117322,0.3230861652147903,0.5808951742288908,0.5774620970709496,0.38408774140457846,0.41617509130937735,0.5045735402064688,0.5477232770816758,0.7084562378192865,0.3901961503634839,0.20372496806351004
0.6501204147906768,0.5972264978226469,0.3427367873106322,0.46766380613736347,0.6881956955448392,0.5987950396079271,0.6855163453650617,0.44855941098336605,0.6263489785744696,0.44307309642471027,0.4522138167043881,0.631451056664774,0.37620119335907365,0.4131121186896775,0.35054679297725455,0.3814204176371392,0.6004861910933326,0.6582055582285191
0.18024797010732285,0.2240779170081968,0.5334006270437235,0.7587750855509405,0.3682690500894348,0.1888859036718542,0.41217837637417176,0.4544067749613281,0.2822710529908137,0.5605046026525442,0.5669487751832043,0.36412083788942073,0.38409118012056087,0.4994571958962843,0.5369785151585398,0.7204805960526246,0.40058965867370255,0.19947665252880054
0.7193840483943429,0.7239067884420058,0.4815851217842084,0.7932870928540701,0.46257261697768226,0.5300551233339355,0.6870246129901734,0.8060550133604933,0.3795142851528719,0.8395237104712241,0.862047790189084,0.19025028127941757,0.7580029600193017,0.7898958347856995,0.747253847066728,0.7000774230967253,0.9674050774798,0.9138522927924413
0.32690959968569644,0.5410597330350033,0.6818487691896942,0.5117035748237466,0.1593988692341446,0.1365094610379436,0.35651284003688755,0.8386771045482726,0.26534970151989823,0.919431202338963,0.7999532082689589,0.09887607509855023,0.9002488775896751,0.7294368190826857,0.9404512999289958,0.9370727336781697,0.5227311613555579,0.26671950798529864
0.08144785733332649,0.06931934790220606,0.25655995757528194,0.4815003918179297,0.2733056798858591,0.05771182586156698,0.1907917371561525,0.5302203062067185,0.22821564486581947,0.519667842764955,0.531433264897273,0.3658704353380664,0.5369567306355028,0.5956086033495975,0.6418205517889399,0.706423826430804,0.2972782603821591,0.1417693016644681
0.39880178653286225,0.23392135229563493,0.33718630956603546,0.09709931898661184,0.3036503688883865,0.3254219088836505,0.03367395190468958,0.07801440690102313,0.16775656493556745,0.11166193111103873,0.09516645142379576,0.28353593043599634,0.17561890140811287,0.15503537957237806,0.16079613206183097,0.1004780163646215,0.5417883392682727,0.752501505256058
0.5583053439581934,0.3961175029060704,0.26880101187003014,0.1431386034913622,0.35965044029613336,0.41192805814643174,0.16671007280927563,0.08752279956786024,0.3066003820250889,0.08947762884597266,0.10516240288998357,0.2789147239472525,0.1543252067694676,0.14040136592497526,0.09557533813412711,0.029890568438519338,0.6585099788332374,0.8874095166798943
0.12901183625811175,0.18316691249209716,0.6375387761019926,0.69950869485025,0.373096637942089,0.3008513543172273,0.5069654011111742,0.8347319623280887,0.35586641646268813,0.9074738475724875,0.8735440913056776,0.2106554970433312,0.809954867022479,0.7257665545663519,0.8590803649436012,0.7918095681101536,0.2832108966367939,0.1332135042834366
0.07642273007841427,0.18215794183167078,0.5574209170048356,0.63034151077242,0.34466145423666616,0.16966293723349857,0.4205086583362392,0.45233309705394953,0.29079196661736617,0.5662344504761372,0.5174183789205185,0.38719987996456684,0.40063890084378406,0.43880003111256155,0.5324047264253777,0.736306400652069,0.245174351283719,0.019837837264458758
0.3330870341922191,0.39625190100667074,0.3309261927247755,0.6760740356109927,0.33379542875171353,0.19598432659317,0.446522317493518,0.9230548741255575,0.1658582438223828,0.9114739595160193,0.9106148353810761,0.1590515176397893,0.8413553618192537,0.9218006261477576,0.8417925629365302,0.8640862616425407,0.7293630522666514,0.5007302683197352
0.506491024974918,0.38190816519388315,0.564198008785878,0.6154678888263181,0.7426867458788677,0.5498372673468115,0.5727249314355194,0.7314496435787756,0.6165370336123552,0.7499701694527874,0.7879537782253854,0.5536299733415473,0.6217694595966305,0.5156584331175482,0.64474973140742,0.5224211423035274,0.3844697370863166,0.48143455256160306
0.6397597459615835,0.5714436457761907,0.6468093653698519,0.4108372449877824,0.7220713366462388,0.5957118909960424,0.5723731355912935,0.15735832760316248,0.7948167960803159,0.26198832143440365,0.23858205549931943,0.8848706457789766,0.07834455577237642,0.11909989255552367,0.1812831897369862,0.24068905920028394,0.34410372968562997,0.467434809575896
0.26419644733782743,0.22522990534788478,0.2572649281803554,0.649664538365029,0.6152818482945654,0.3416841662670196,0.5619621951657785,0.9370941960479016,0.2932914651015923,0.8891104769708431,0.9247842150159924,0.37943226357827786,0.7639201948913503,0.7713835790911558,0.7346543499881588,0.7021206910956981,0.47349057402420236,0.3571069431625671
0.42785705777057637,0.3423380475499398,0.5034470881947146,0.6047609433004992,0.49883512232726557,0.31762289041258907,0.3490349091507845,0.29529705618083557,0.5239376815857768,0.3461440858294995,0.39916626129936716,0.6153611318227006,0.25444725447792604,0.30177360228894373,0.43055638117742734,0.4370213088407524,0.34808929092010765,0.3721913183666352
0.25135201025856657,0.3523537201120406,0.4327089203865695,0.644108765090444,0.30173950005540995,0.1257702198158901,0.3833944034455823,0.712734183781434,0.23453455416822377,0.7538811766650506,0.7264347994719476,0.25291313499940293,0.6581372584870953,0.7169309620241124,0.7259834971266712,0.841494162520835,0.52063845757951,0.2736178844184125
0.4606469977258626,0.31241881218536505,0.3047916085629905,0.07006678482471473,0.24297860687583062,0.321762178347043,0.055008261279813286,0.12297704706064339,0.1734238817344531,0.13083483752731118,0.11021639256315163,0.219741073182935,0.24976540718808193,0.2165200621107904,0.19389005418258476,0.13900278623449625,0.6039224990681136,0.8023298950073348
0.2700516024593046,0.38015581785576114,0.7429254696524108,0.74859537920798,0.35881075011467023,0.29520591956658304,0.5218441429526615,0.6893578698028089,0.3908331643039613,0.8291616997057154,0.7738192790242464,0.2394793246547413,0.6393758684532551,0.61690257317192,0.7334610657696903,0.8210116782992125,0.42480874517786615,0.23715755485872392
0.27297198226450303,0.38389492992894114,0.4410981717519191,0.6499803042922743,0.2285996298212032,0.102955431601647,0.3541638395108606,0.6980864729434539,0.22767190860367625,0.7380149799640472,0.7093114096630924,0.19564526818585581,0.6857906043682249,0.749421955337225,0.7653185383057863,0.8597263430532769,0.5614822351733946,0.3041218315714369
0.2904068424720575,0.38088583179485824,0.6447480495910547,0.9706049859867747,0.4111699446779926,0.5346430717616548,0.846244212767497,0.3731954816429621,0.4142814189535158,0.48456092242231774,0.5135246385816832,0.26550222523379463,0.369481379996736,0.4804875227548811,0.4918447476155232,0.47190610632825547,0.4569659168263991,0.28518388370795633
0.6205084316791093,0.5597674170646256,0.619073007986656,0.42933503798309935,0.7055022535140119,0.564331508346775,0.5659622729222047,0.1332849125008797,0.8027859993928295,0.23440835948413175,0.21802609853059196,0.896984655049003,0.04744011239352597,0.10818610568803472,0.15881091179028672,0.23935277966406465,0.3249984718602139,0.4296028827602312
0.2125237856366461,0.3013266768791014,0.4887172509284574,0.6581128954500248,0.3368744970692825,0.15160403481707618,0.3961666323020028,0.6411684428118993,0.270220328457885,0.7090107529032912,0.6813870823857306,0.30441913821954536,0.5786739449043932,0.6254000639946347,0.66904988272473,0.8063341141911609,0.4351272422966699,0.20973658164216724
0.17623361885537225,0.20991949540696186,0.6102885243946052,0.7166468723299033,0.36405835434947353,0.2907962237539645,0.47650846800307045,0.8129900240031056,0.2772315329277295,0.8790021694735481,0.8612862482121271,0.19888864513580318,0.794031301865145,0.7371431657078416,0.8508594060069403,0.7836692709501976,0.3875387725578232,0.23899567888023765
0.3318908760970235,0.27435727246335784,0.35834322251092443,0.6659169393338868,0.46405243932689344,0.28571935949020055,0.4155484926890112,0.8469766703190684,0.2808402125805598,0.8239425311685948,0.8666817940847968,0.2954353084055452,0.7755583953214673,0.7575564779548176,0.8020120869458913,0.7166168569986404,0.5395217184125067,0.46044121733155996
0.750358684849674,0.6516706661836025,0.6022705793961274,0.4366215185274682,1.0000000000000002,0.9250538346912442,0.8230523366279878,0.41819359199321915,0.687262265491162,0.4773016641630501,0.45868141346561164,0.8576466919380505,0.3139642044065033,0.24450916810204243,0.29127229084949735,0.21162873844339924,0.5632044783989303,0.7214453312219264
0.6174089532677179,0.543415650455487,0.8797406996798007,0.7172384549429562,0.8147043995931746,0.8265110874613018,0.8668390214162938,0.2470083536644745,0.9100308525360838,0.4233744629920113,0.42223577219309183,0.7041948379608225,0.16238260568809082,0.18110163281912756,0.2698206327767845,0.2646851385749771,0.336148234010311,0.45418676667437374
0.46016654133223944,0.3118858077756179,0.30384972898766627,0.06928626476334943,0.24236269867534,0.3207045701061655,0.05402230709907796,0.12275815006112134,0.17275791086990466,0.13034609780380713,0.10974548616277113,0.21975180685527151,0.24968773989767445,0.21652902223980047,0.1938682995444967,0.1390384861527223,0.6038239334986348,0.802338496452117
0.46053281468193286,0.6003105642179085,0.6007221578582422,0.4494391709444403,0.11320570554637732,0.10290329120196473,0.2033849857594765,0.7740385784907264,0.18543783863708896,0.8247809223452995,0.7378617799335956,0.10348269176799252,0.8917460708764582,0.7346941316542495,0.9473822544518957,0.8995685682989485,0.7204061120450527,0.5307912769099512
0.720737989493884,0.6649793020295771,0.2559573859628568,0.34054700692416917,0.5744065911462217,0.41855546132426635,0.4486901788923685,0.23912612283989343,0.5231481437569672,0.21520667768836144,0.23113862215762704,0.7683460940905695,0.19237300723922546,0.26613220324063774,0.22575417795061048,0.30552574843748026,0.632332114180093,0.7011322079463906
0.7856943991693787,0.6687442791148333,0.5897182217732477,0.37816071891575964,0.7797937950755551,0.8674635867428888,0.7151021430711975,0.27387694969691856,0.7064617264395752,0.312055409577072,0.293328472414389,0.804178096016934,0.24670501955839297,0.19537546536769784,0.2596364374348721,0.17721103425847828,0.48784617918763273,0.6676047997348658
0.4810208378038211,0.36856000195595207,0.1297037010394706,0.03290740903237532,0.25194989731684747,0.27996195941722624,0.11451765666127223,0.09423095367805934,0.2600232700804841,0.04372280802973649,0.03270038946807663,0.28484785587914163,0.16585078599184944,0.20838592745429302,0.07793995971375334,0.10021865202808922,0.6547316848136615,0.7959961247941973
0.35054573822652524,0.2525954751473869,0.4780774278957596,0.604827135349423,0.5645238509560218,0.36293534540347405,0.4160686156908113,0.6345085112408131,0.5115168207931644,0.6453344968469032,0.687160692735254,0.49871320362864213,0.5788114693465407,0.5201832675013807,0.6546422752935905,0.565157354625065,0.31434822229289217,0.3355614743318138
0.6269675435849694,0.5921102241648015,0.5696705649925153,0.43724255328875294,0.5862575159367711,0.4807632153158359,0.4868908372707308,0.2915782709769362,0.6533272738758815,0.35944745343045836,0.3405586420037767,0.7104845028882114,0.2593498322924048,0.25248206811638935,0.3556849824461661,0.37355132992092877,0.44226555251829924,0.5135628314581315
0.8961214709146249,0.7858981133321103,0.5714719235507366,0.23363119959254286,0.9095953975760815,0.9946114594938549,0.8029973834491178,0.4360670988296379,0.7431558510201883,0.4417227345547816,0.39703002252782094,0.8464394011708343,0.4003456347403642,0.2595063654885919,0.3301701231525387,0.19752658861302397,0.5980598502800147,0.8052713760815027
0.22362045515604956,0.23087032792690976,0.40055724873891174,0.7869566937706471,0.6421693615186175,0.40475958919866484,0.6932686379838988,0.8767760167326264,0.27078242328953994,0.899878711295427,0.9231128864507352,0.35506904519344995,0.6813160302723043,0.7469157064140137,0.6753628101782683,0.7171963409264344,0.4877523271508848,0.3161690886774131
0.7586645222953402,0.6812715376549423,0.748017748477309,0.6070830785588917,0.8604888768895804,0.8123519829986607,0.7453927509066802,0.3096776300909212,0.768332143292231,0.4462879756035527,0.4270688602816659,0.6502465597182796,0.24115770430439365,0.224541819161944,0.26715186448247796,0.22273222310798468,0.6226647514799042,0.7542992091548517
0.3626072999515563,0.3403599045471959,0.3660691939246723,0.6093478844645199,0.36865173277019037,0.19301384798748522,0.3164827614571908,0.6605199138299829,0.36998911211707686,0.6488317922480742,0.6791164892009376,0.3564456108524392,0.6469034324217582,0.6423244311643479,0.7299537454100538,0.6881979721509981,0.46949315583582973,0.3833821503153567
0.3166127446007564,0.40923684674366556,0.47046531042863604,0.6792947455665446,0.28427873014380145,0.16622359458525837,0.4042936056982662,0.7954729791082569,0.23816805969471533,0.8325162637845935,0.809715733952673,0.1842348047618112,0.7590387463614419,0.7980649184889321,0.8124104608348977,0.8575320895359877,0.6033639782167983,0.3766016157980816
0.300065234460818,0.3306678643856771,0.5901078600408787,0.6854232790506565,0.4481067278403048,0.3683992722332956,0.5448165728506442,0.7814859404592531,0.4197995814454787,0.8371358500312385,0.8190348216484615,0.2925582656160284,0.7436826333639379,0.6722387524250426,0.7844876760033417,0.7187950596368315,0.4040975889132854,0.30447431490056065
0.45682971441683307,0.4127978259195557,0.45156906120550344,0.4656019396227795,0.5100649055205169,0.3210980519668776,0.36101263008491724,0.46527106299491194,0.522975810625887,0.4769644271825608,0.4846928190971844,0.6031728921340238,0.44733331031548196,0.3973027215910859,0.5390362771958812,0.4990097709891492,0.36380341496669466,0.3854102404672759
0.8168864676982813,0.707865284073355,0.5682539199396994,0.28835509029038064,0.8889974226269384,0.9231130167074943,0.7524378832498235,0.4017343704199434,0.695997492850037,0.4242399799847163,0.387419191402393,0.8427040458286783,0.3567989677063952,0.24730237737238586,0.3171325921480743,0.20499052317435984,0.5690488308563848,0.7568066345750086
0.4205290947790564,0.2650064605189386,0.3335407945610682,0.0659963515897326,0.2279715598679628,0.29485076402800825,0.0035059881504064805,0.07298733173635463,0.131895616839397,0.10061484158593359,0.07354877517328662,0.22276702024328543,0.18664173920047689,0.1715988259310532,0.1526157788552991,0.11384928906176661,0.5717874352728372,0.7757748117531027
0.34083992125507734,0.5598557962580226,0.6804697685809105,0.5387222665925187,0.17702075873453138,0.1525372859043448,0.39210318140054046,0.8436009803188704,0.27372829273210186,0.9253950069377008,0.8082125394858175,0.10436220523446638,0.8903858019439521,0.7382108150594378,0.9277658246039038,0.9336924469042986,0.5379377513125687,0.27544846096449227
0.7185957086181899,0.6111213562439539,0.8817678113385248,0.46342573683938726,0.6322475985396288,0.8170666890834877,0.5860637949485201,0.45795983367477455,0.7797807653974131,0.5509204264084127,0.48817282871103007,0.7551635363164342,0.47297605954768973,0.2850816730460726,0.5933915279555975,0.37197953583228194,0.3592095253894376,0.520691952031874
0.2915745245790723,0.31086702364926166,0.42247064027451575,0.6656479728000466,0.3497645194971988,0.1851641356837077,0.35846420068966145,0.4855917507869033,0.2515577600480796,0.5381915441794569,0.5540789754341402,0.36331057046648674,0.44880118113672873,0.550471161581074,0.5729702326177297,0.687249670508647,0.5225267132320035,0.36296482285023135
0.3271268041852503,0.43444391057357246,0.6911901911544818,0.9449644560914043,0.44126727388331877,0.5882609033190147,0.9019663566938942,0.3939385252404005,0.5630390817046043,0.5169223098053513,0.5225411331867522,0.29602098856706216,0.3924111530614134,0.4665897894713819,0.4975864290579768,0.4760206373813385,0.4009957886173303,0.2588277638113612
0.5660456062083415,0.406555600725369,0.2727673769412724,0.1380727474245642,0.381525790053715,0.4303203914941869,0.1875858241644095,0.10381139487306357,0.33171091643594774,0.10409017982182878,0.11676052224036537,0.2948056631178875,0.17149778497141888,0.15036733531048335,0.10700793708087941,0.03934853515253933,0.6601354825187731,0.8890505444414738
0.28600570683558313,0.1915805143975382,0.20625904230485803,0.5816927838924935,0.6182057412449089,0.3527195436445054,0.5014079766011488,0.9785084806199218,0.3277537784341322,0.8876726750902157,0.9394073539065184,0.38687999119051475,0.8353402789218001,0.7703809628164171,0.7934505396718694,0.6631787570677508,0.4355096550546089,0.38476577330151107
0.4613955682049017,0.6016618954243846,0.6029196287051732,0.4515663770992089,0.11436627284348311,0.10463432071892953,0.2052274678085162,0.7748476999653537,0.18686555344598066,0.8262160376313903,0.7393376389615525,0.10346499240459517,0.891756135646212,0.7346783815048681,0.9474484283415738,0.8995412456128362,0.7205584626295092,0.5307951583481365
0.6351647203474161,0.5381088336352478,0.6536519493856101,0.6302811449300778,0.6509754369098333,0.5781351911006882,0.5778411428801968,0.2636433213045548,0.6696352706762556,0.3381556290944274,0.3725842819924654,0.6832009762253983,0.20423344024131984,0.24844012495949602,0.3132435094345314,0.3229406156870891,0.46556037657770744,0.569445304837449
0.6507885344062804,0.6035747578955286,0.3895308109293696,0.6551082665136851,0.5590927839511444,0.4181482178987497,0.5284322214559061,0.6823214511609597,0.4691676242113152,0.680371680456868,0.7201582857999664,0.4271663432688748,0.5996140702008477,0.620070907177847,0.624674592697144,0.6117055056780496,0.7045221306649128,0.7063981619573045
0.6972080447438082,0.7014016266605743,0.4119771989033416,0.47763075804100374,0.47276873514002093,0.37150180934175214,0.4406385688327452,0.2657963908323826,0.45177662612727865,0.3089405419443221,0.30650145250565575,0.6084011648389336,0.23492048723843295,0.3106947869943187,0.331898963645187,0.4303781519212737,0.6946098553560811,0.6880347781567524
0.27791427013518966,0.23502476407964967,0.3859926306349837,0.5831955116237899,0.47046112163994613,0.2501722498895913,0.3630307984671468,0.7867805660068228,0.23188103560075035,0.7900374113766249,0.8068366986228641,0.3469138842292283,0.7032442379157087,0.694276335039524,0.7363903220845618,0.7267887359221326,0.5011585467556261,0.41696135456640593
0.45491163434397774,0.40587719057858607,0.48879106184670285,0.5546240086486032,0.5803158264427475,0.38694368161031756,0.4738394290668122,0.28253623163435426,0.6167531122282761,0.33521447915867353,0.34968659321890994,0.726061416356558,0.2082612814979593,0.26902544459125716,0.3179631812932431,0.41312002144226745,0.32130015858475014,0.3358037666442475
0.18100964282696597,0.22392438755795774,0.49839383902804135,0.6298291455952993,0.26354082896825326,0.15121902946560795,0.31085061366851363,0.5435725630128574,0.1532267686911819,0.6165298233202501,0.6017321171279635,0.25374227554861584,0.5497662215023464,0.6088887738494189,0.6716796676239967,0.7631705984167221,0.48891858180606484,0.29793747656567793
0.332092444139516,0.39498979478342533,0.32876225477741805,0.6734332529855229,0.33230654857327835,0.1942130379430349,0.4432784671541463,0.9219956156884033,0.1643072147035567,0.909849346354872,0.9088114938333502,0.1590453674219996,0.8413358403282192,0.9217880291623741,0.8418430290715277,0.8640463320434502,0.7293504788583951,0.5007358955762107
0.7026501276030687,0.7030193229872421,0.5776325060808722,0.4896883018875595,0.5675935430980348,0.41715043440820576,0.47052090342051,0.6184435199815947,0.7200226949807176,0.6613380813798366,0.6323122202518086,0.5779523644949689,0.5523059605515654,0.4665119579539881,0.5942381276642341,0.5921875161952572,0.4999781561453094,0.5318552413902096
0.4292336964293789,0.3934393403990464,0.49726420384282166,0.6674189917289408,0.6180732963280688,0.4644073121760135,0.606575584921857,0.8923736478694633,0.5025601690228285,0.8988509260428754,0.9124437470766669,0.3855941398268363,0.7746901351559785,0.6844497856960805,0.7655807351102002,0.6639224406354454,0.45996688422381693,0.438240010222678
0.7069910884487728,0.6768639246771757,0.5332012021472119,0.6038718867381561,0.6783924172178943,0.5105899422815234,0.6001984309218704,0.5637389554418404,0.5553996330142508,0.6244277696834437,0.6268678546109894,0.5786417943579789,0.4463689859866462,0.46223661782648656,0.47989907443973134,0.5434678509281328,0.6514141342175093,0.6840654421893477
0.20667603407153468,0.23292134896138572,0.39582143341153264,0.5832317741448128,0.10209331527095578,0.1421343191409079,0.2526068658789722,0.14165384505350465,0.20951209192695375,0.17912498985790437,0.20676739920064846,0.2818811843555953,0.22502027386445045,0.3548768576999844,0.4445021611036324,0.4590381209689127,0.435361485295954,0.28575326904464515
0.5197474761153168,0.49733876709229285,0.46552761870348114,0.5555288659767244,0.6529687793103809,0.37713342896391255,0.49883574549228626,0.595391812238492,0.5374933337615198,0.6433435844062156,0.6407884658360503,0.614055428247547,0.44726278640673245,0.4708502366118424,0.48593743857913285,0.6042308156960694,0.48003049776317375,0.4660986212815419
0.39367865476600483,0.5333515031662863,0.554719490760148,0.5950861159353362,0.1661969675955659,0.2004805420549709,0.4046548138682966,0.9456469495268167,0.2536085686604923,0.9796552606283038,0.9118446112323237,0.02944807434291885,1.0,0.9309838326547633,1.0,0.9279763056007468,0.6986247317170868,0.4733333401154327
0.7781984218038741,0.595662492401936,0.3278203346267521,0.019804848772698058,0.55390590250074,0.6882944068930308,0.36243722017665503,0.12426800970995733,0.33210458387004493,0.10753101726710024,0.0989765183127127,0.5030466406131346,0.18392222223716348,0.1155519376243529,0.10300513312354065,0.008923897101434375,0.6958603888267041,0.9967340487922689
0.360906309905047,0.4270570546328569,0.13215252385878662,0.39180357541801625,0.06966776466753855,0.04593237232067038,0.18759814664634522,0.17808613840517706,0.13631397581088223,0.13919330236363603,0.13814400617316824,0.3442658815457249,0.2588033955580924,0.43672821584911287,0.3892940694266189,0.5194497242865124,0.6751116163441215,0.48006438350432545
0.6283630865033322,0.5937196311596471,0.5723520717310695,0.4398785818275792,0.5879892277410306,0.4830636908490127,0.4901915736884952,0.2921786936768991,0.6554564784849344,0.36089376064516454,0.3419693858041155,0.7104190123084686,0.25943350211555904,0.25244171328271287,0.3557507112785694,0.3735426298599194,0.4422930062309849,0.5136783264369655
0.4722331978904831,0.3362313012946174,0.6369579409416684,0.6069278838737011,0.7990454525995838,0.5813365025042785,0.587450541608872,0.6718948218605783,0.6840098041167075,0.7169053439567377,0.7489081570804004,0.6293498429236759,0.5480616487159713,0.4464385180349078,0.5875931752100292,0.4848994913151854,0.2898860698954291,0.4061741704094939
0.21273354711476877,0.23065965862107363,0.35799300314476534,0.6701781933954956,0.2292000170649391,0.24587849016189445,0.4098957742579734,0.13169410137786652,0.294440362888154,0.18192477433943455,0.23475310197463828,0.3524309167509261,0.14657885662377335,0.33108437625925996,0.34277025702727704,0.40412862770324476,0.44451677245742505,0.2946275162759462
0.667591617319678,0.602354043740722,0.6451827036804669,0.40846423743133853,0.6973804810657487,0.6003642325550169,0.5739498662472298,0.17043473601839798,0.8171122523952947,0.2679339503873299,0.24371109276632463,0.8560438133503443,0.10636317103693416,0.1336387936845706,0.20603286757652972,0.24505196987301048,0.3621949750884208,0.4862583611190605
0.2052960670021976,0.2032141906029472,0.45659576024990045,0.549992616319047,0.30535906023104054,0.23542596961860962,0.3372513082071338,0.770560799740867,0.1379283841769574,0.7899540295368237,0.7750799408768532,0.1940831676675523,0.8059124741264014,0.7517053438189003,0.842309468412541,0.762727179424338,0.5182813039164851,0.40046479438331106
0.43733853180937354,0.5325140045128771,0.42423453982271697,0.25286438375126297,0.09419255146582883,0.19351368067601804,0.24432282261505422,0.0,0.2979053659502151,0.11338855814382431,0.007233230836547699,0.416736887907198,0.026173172184065674,0.16199418951372174,0.19909094894468082,0.4817786199467742,0.6428494388732175,0.49435902327099135
0.27118234707895883,0.2941540142539214,0.7139165264176413,0.7837583876364214,0.5114806893737109,0.36776298288478415,0.5546188245033936,0.7259380127934671,0.5306094552905316,0.8300637065697007,0.8211654402796404,0.36885832854371214,0.6356809887877997,0.5738203041830814,0.7268961308626882,0.7126590387569052,0.27781700585627367,0.18294576908036198
0.7850575018499365,0.6676983480205212,0.5703392819892406,0.38946103501252693,0.7500758829090068,0.8416095019104621,0.6975573400079571,0.2664201275362168,0.7066967481055522,0.3000109996194995,0.2886712028393208,0.7693847244642369,0.24668401709964727,0.2015836986107024,0.2612373753080699,0.1797097849945022,0.4963688687885721,0.6744025131231388
0.8829066212803846,0.7709591601387351,0.54905404305571,0.21197907480637346,0.8914970777812183,0.9716139119578768,0.774689885420417,0.429718027458599,0.7237725590700368,0.42908999664432024,0.3841052140689105,0.8464449900346069,0.40035019750346934,0.2595098460930843,0.33013179789381053,0.19753545824695817,0.5981327489202768,0.805251662222239
0.33296153282398,0.3958638827881842,0.3303016040384219,0.6754067409153031,0.3334772298086479,0.1955502347325866,0.44527695645493415,0.9227141311007641,0.16545115083906037,0.9109983832940001,0.910085995491031,0.15911901210370982,0.8412571790533989,0.9217478805251786,0.8417509127695024,0.8640011672614265,0.7293725272616227,0.5007616237622885
0.8020374464967338,0.7863303362612579,0.507072668521205,0.7687506447947001,0.5799064347903016,0.6068706371845369,0.7350382455115985,0.7341101214753685,0.38708536929090087,0.7843384881503475,0.8063562868939358,0.29338801123032066,0.6502934558599616,0.6855393158126668,0.6385709881475621,0.6269303831271618,0.9999999999999998,0.9942346405476612
0.49581832189238517,0.5999544891810689,0.4045149528594383,0.8050602210794073,0.21666729045631383,0.37864234396166685,0.6404698394361046,0.23328900999747093,0.3101981882405811,0.3034561405915295,0.3326522560982499,0.21036133202003815,0.25179231589364326,0.49712882814164566,0.377360449189867,0.47442815052055853,0.8309309812587176,0.6190741020682169
0.7369270311106907,0.6458892105044387,0.6155950476862704,0.4048597591121026,0.7958746965230252,0.5788405774227852,0.5386860879070468,0.1785343223503204,0.7869662865811806,0.2679775178173629,0.2620398098271097,0.968771730865978,0.06356359791619448,0.12177053706877167,0.15728703507581154,0.24322942556032134,0.4034204487762063,0.5530960000270584
0.7543500317162649,0.5704151713128149,0.29802582247956266,0.02983371244828703,0.5315255266210366,0.6470684846532224,0.32792206779318933,0.11327239248098686,0.32985928886808713,0.09319433599387117,0.09376029371342187,0.4759904488168183,0.17185263456327804,0.11152631086462811,0.09345361681727349,0.0,0.7019081343278175,1.0
0.6692845903604795,0.6691648177641347,0.3959244850351822,0.67368423670748,0.6590157782948547,0.6213379049433985,0.7967635368511679,0.4812015396923104,0.4378684740094374,0.4971069551613203,0.5182739081485845,0.49707521043456415,0.38405267929738063,0.49867779956420194,0.35501757768303643,0.442401401264239,0.8124968534771624,0.7829665398511363
0.18134336786163086,0.22439754309790394,0.49986072981484586,0.6312505333223601,0.26439862991544594,0.15247409194672334,0.3121530852830081,0.5440306206613374,0.15422055883146824,0.6173661883679327,0.6026377982124522,0.2538159703264069,0.5497701632797947,0.6088779083090006,0.671687685644847,0.763164842676644,0.4888702280238826,0.2978964270865532
0.5790375900820036,0.5477507705056321,0.5350590852899644,0.664167744094883,0.6797796715423592,0.685774605108588,0.7951539549752522,0.32613994693293835,0.4547468926163951,0.3987355844574221,0.42170119541448314,0.5462267489379524,0.27612991134044584,0.31173280259983444,0.32484843526860785,0.2970209034321969,0.6086251419726822,0.6384426047999474
0.09516919969813264,0.24779775747668387,0.5148724111028908,0.6411292991519102,0.09831412072070833,0.0524030836957734,0.3199420306413394,0.549709754033137,0.09379680447973504,0.6312807871576827,0.576930688269889,0.10946160499702362,0.6075366491060423,0.6995011515576295,0.7339520058096625,0.8794085534120513,0.4826218884334528,0.15429897353600652
0.6622170787993357,0.5867781996784824,0.9583816144896544,0.6604942964663723,0.8566884874696188,0.892044087122017,0.7925916530460149,0.325429634878896,0.8510418959004116,0.5143465676400889,0.4589132493370178,0.6597866225366176,0.2681371897363273,0.21422854505767502,0.321310018446461,0.26038576497928734,0.44194330753591493,0.5723427546429813
0.35976894463441156,0.4254193699443374,0.12954732167350524,0.38892083685231604,0.09053916553807717,0.04358708743337658,0.18479675827187592,0.1735911615821053,0.1342863775729537,0.14221869017920263,0.14906429680380318,0.36386095105341365,0.24153686063745128,0.41562108567109585,0.38944634971565106,0.5147804589071372,0.6751612500088482,0.4801263621040823
0.6298077192297028,0.5911477831125735,0.4116285108145439,0.5806701321093519,0.6076354860081878,0.5248567354982585,0.6165110680921377,0.6630183657800064,0.40867953747068686,0.6665040141864644,0.6806042003607429,0.4387632661688359,0.6048417634762107,0.5780410643201763,0.5959385612998256,0.5445117354548072,0.7215696353421579,0.7385210702254219
0.2064764831947271,0.2850967667659323,0.5024452187944437,0.7608111234069521,0.20393669904879275,0.13680640424813761,0.3779072604485352,0.7766394692635465,0.18756911291222123,0.823280139433739,0.8174763432161596,0.09746750388498149,0.7856849547648259,0.8534777236211524,0.8695581931781757,0.875264262475393,0.5535199681654734,0.2989993993665747
0.21865151281665007,0.3781127678994669,0.3930049701712113,0.8053999740855375,0.1982462578391737,0.22599993381933814,0.5846127200554014,0.17760613271303427,0.21831127637244707,0.25863135899606604,0.2739467502738102,0.27318155426848434,0.15574218342836565,0.44084209840801364,0.3231934188963195,0.5435803220108071,0.5782837997361583,0.2558389724184267
0.7471678233405638,0.7255489503383581,0.6211860462879106,0.6922730660249705,0.6248663859687353,0.5221328842507553,0.617051501488679,0.39407350541943054,0.6412240246013159,0.47854762114154736,0.49012330220828537,0.607681987239233,0.3206719340622206,0.3497875209649654,0.4123121089276147,0.45805160254366584,0.5970273863176303,0.6303068981630586
0.4694899919136978,0.32730182185364276,0.13733586809689236,0.04413903228176741,0.44489063219707536,0.37022632646145137,0.16392173971927448,0.08523331298491021,0.21303312196505875,0.05185354873559178,0.05494991004835348,0.4869315155238825,0.11939240497591264,0.1442263895465779,0.08212902689627022,0.06617939931124284,0.6140052662552187,0.7905556148538273
0.7351417678944777,0.6437522652414345,0.612047506941666,0.40121654638585014,0.7930746545791274,0.5759255401430194,0.5340894989943661,0.1778405601665467,0.7838272959973227,0.2661519462497073,0.26014147844352786,0.9687332349917905,0.06361437464630659,0.1218083212353342,0.15732601601553386,0.24322495997047477,0.4032786097867682,0.5529764104798587
0.27419563496325583,0.2799104376585615,0.663313011119187,0.8233835761393702,0.5251118130286063,0.3485516863947842,0.5509830892303684,0.8631318863523576,0.5476690055122737,0.934986109096428,0.9454900873163607,0.3329251238422928,0.7381420855208496,0.6670792429724213,0.8063644614635042,0.7496644505057792,0.2817267957649281,0.1824924655792317
0.2798834158295552,0.19733482339842823,0.6973029816020562,0.6131004824654629,0.7009299755334284,0.5702334643499132,0.6138215373708809,0.10531307719343808,0.5656181107953011,0.2521916810500404,0.2691448611369258,0.762193969994321,0.0179282095932336,0.09732589162884964,0.18620006869190942,0.2375540976656083,0.16329033561298534,0.2261083249482161
0.5860564897882247,0.6371267329179755,0.3011123307606227,0.7152983501218757,0.5112322525731103,0.5410503381336551,0.7870394286540985,0.4325832932986745,0.3555712546004455,0.4540756558165078,0.48138775294725855,0.37479124933513663,0.3819800167459422,0.5307360522447566,0.39408281134258294,0.45309590686728196,0.8437015003969843,0.7239320285292061
0.9431425337553204,0.965591258118784,0.6590137010534005,0.5470547620612525,0.5533100556011303,0.5373210802796407,0.5740345449040571,0.34112976087978375,0.718566285573071,0.42700745080658375,0.4007412614511545,0.6219822274882842,0.3216097346352311,0.3035076738032621,0.414595478437946,0.42707994190431897,0.6981408714571147,0.7503309945051448
0.2988794200920689,0.5076653143355538,0.710693568212192,0.4943903397522673,0.1214482625734492,0.12067688099372997,0.3134884102866007,0.7519238861217659,0.24868561862257543,0.8511214852966578,0.7274771687198487,0.09596386923895683,0.8463048427476443,0.6672181266605663,0.9140880234986875,0.930437335533129,0.5011023515815864,0.24916212508512658
0.27617783569544085,0.4212677511054248,0.4071428447085941,0.8274019871156564,0.1982653838314672,0.2741070638285139,0.6110002672719426,0.1825591446963284,0.25369649505134984,0.2678694068281131,0.290007525303017,0.24465291330085193,0.16897529070435025,0.45991879700223653,0.3313944440927783,0.5212859882014933,0.638172165538321,0.34192637363278866
0.6061279316519578,0.5426140309462559,0.5446503543826093,0.49908305043017887,0.6688743029259296,0.46797499735604253,0.4988495551741443,0.445028411692426,0.6012252150054027,0.5114195248027473,0.5055209151972933,0.6909121569093053,0.3478746494493603,0.34866195665890093,0.41252813114388176,0.4791016836454802,0.4611119739853704,0.533205130160318
0.563502357525744,0.4036889204277425,0.26772031057653,0.1327486707900376,0.3780497870279944,0.4255313699095997,0.18150208174110638,0.10290905901859226,0.32756969732541963,0.10158212107251852,0.11407951493293167,0.2948387027853412,0.171641657942477,0.15040321460685385,0.10708391375110504,0.0394030003944148,0.6602428191337066,0.8890258314490329
0.6195954038299313,0.5758516073039606,0.48429975501545286,0.5417944964347847,0.743090913574062,0.456696892294878,0.5602817536943605,0.5945800536756738,0.7049694084400313,0.6283916856580778,0.6328647473628264,0.709404124909536,0.43378967958410275,0.4322464692599643,0.45634265660331486,0.535111858372145,0.4336625461660779,0.4736254050296156
0.48796524782101514,0.5304147671829902,0.14856283571009543,0.4324796669411919,0.11432779922488079,0.12024254931001632,0.24500520011555382,0.24304696586871644,0.23705298397144237,0.20093368427327163,0.21863298351141047,0.3282206727431769,0.331565049073381,0.49153074076187403,0.4514516350097624,0.517265696254904,0.7410435308426673,0.5984729258930646
0.5493820588405166,0.5645385803565144,0.38371442579264947,0.6546678540388342,0.42404367272459287,0.3762588467716528,0.5342113683596996,0.8043412440576119,0.2695187478979424,0.7982436779305393,0.8081804424123558,0.2409350660413816,0.7706653186776542,0.7764146611913105,0.7669949458280003,0.7139810464727838,0.820105746887186,0.7250754788849165
0.2687072402574181,0.36650311429508053,0.3294950503154386,0.5468463171854236,0.1539469049608957,0.05402649377032498,0.26147212769655104,0.5416329832371019,0.07010596512878609,0.5602123418696989,0.5354800990673518,0.19984373399089872,0.5852644705364134,0.7060768923292731,0.6807353472592381,0.8064226108589923,0.6827440695891152,0.41376628210530786
0.2677049068828513,0.27772343034892155,0.6590915630280931,0.7332912215544836,0.5085755416450735,0.3031390896091133,0.47398264723052375,0.8244189043019339,0.5948214035325985,0.8916117426169092,0.88876859576362,0.38720260148386276,0.7139290921750885,0.6068991187913315,0.7916413032315486,0.7386253003831429,0.21103703967633347,0.12843116991948977
0.7809172309867048,0.5888114247096357,0.3252346437725593,0.013641712454144361,0.46925795254445757,0.6861667157983349,0.35252593888501993,0.12871164748619324,0.31016916412305173,0.09527123871454446,0.09208908495878099,0.44456003301794644,0.2205243834590307,0.13507967539316407,0.1367757280804831,0.023161919623824856,0.6419636302111777,0.9460355419651214
0.27778930210351993,0.3364651502633116,0.54886799907394,0.6988610788751073,0.42503903994944436,0.2214442626718265,0.4409735460955977,0.5345804880267802,0.3906185956682222,0.6307055259991945,0.6164285606516966,0.41766600962220957,0.445227991923965,0.49779789585430706,0.5631905647135005,0.7262930038037942,0.39269160319981355,0.2253051938161148
0.4213319807856738,0.28760149163672577,0.14960985083840583,0.06301560317731703,0.46111764863161553,0.35257472368016085,0.16641774096032957,0.03500313673124433,0.24944708655947734,0.017496414125940163,0.015956227693542546,0.49980757109150153,0.036976318609924785,0.09958125338348045,0.0,0.02827787885560229,0.580402484462003,0.7398778142872153
0.47432097560269504,0.6071372999928062,0.5506091807173186,0.6054759957259779,0.22319105368488268,0.22348659491641287,0.42838951380777646,0.8547870610818598,0.37070857457943207,0.8986750960558403,0.8364534388108704,0.12299403847962864,0.8796460068898362,0.8289061664886279,0.9002500388690637,0.885043889670851,0.6731969680761531,0.4752350104776961
0.739730114701853,0.7550751287198403,0.6055707711710774,0.42043415827030994,0.60622574920839,0.4417216680287779,0.48592660198574933,0.5628912753137321,0.8278944584893697,0.6138294038944612,0.5627964116933548,0.6824723732548053,0.4905009599625634,0.39380641109122166,0.5281521240695728,0.5471162010104638,0.44077354422097126,0.4819870087105125
0.4458886391485771,0.30581215628026803,0.26501912886776235,0.036662668970624424,0.27765029612968206,0.31493474567073143,0.0606013612694305,0.11918462838142363,0.16311973242432387,0.11834178204002654,0.09225175440010647,0.27061958601406255,0.22677837376735432,0.2089215321086944,0.1672444662515291,0.1347640939352277,0.6162780993861678,0.8025627178588195
0.4610386144331732,0.31265137750031746,0.3052995448920397,0.07070629605779866,0.2434151437485843,0.3223314724388522,0.05559041410184662,0.12303799320835651,0.17379868390063624,0.13108412366952282,0.11054639819331213,0.21975155781880273,0.24957952418069806,0.21651563280037472,0.19375763279807812,0.13902357296142198,0.6038549138324616,0.8023941675991337
0.42216313146531703,0.47761526415043454,0.27616069946319266,0.6062704997238448,0.2866598135551943,0.10569641938696739,0.3163754694272809,0.7335434356816513,0.24365655875337877,0.7117364152968266,0.7188107076843595,0.26023577597060354,0.6967453459944533,0.783537532725564,0.7471801048743814,0.8126386649295347,0.695294820079001,0.5017250031861531
0.9478502750625296,0.9744973188206991,0.6349801984537509,0.5468955563632845,0.5627957833112205,0.5309023298608242,0.580059190568861,0.45336425226172083,0.7315580449020658,0.5176820128052337,0.4905213561428319,0.5890199540726857,0.4333613744224125,0.3790071605938859,0.49641431134486425,0.4796158247896549,0.6999163768017749,0.7476883808148416
0.7385655285038161,0.7129223314772699,0.4933679650911902,0.30573683922796446,0.7360496007440076,0.5200167583946107,0.5429343190507279,0.27338004507124114,0.8326726561155771,0.3164873636953258,0.2738219353812472,0.9589458317381478,0.18134022401545435,0.193186415323026,0.21190340158531962,0.30507602614598506,0.39534699433919895,0.4874718296537037
0.7632901255819896,0.7351048047064297,0.4692978963519838,0.30206657033461504,0.7730983102588367,0.519734168854594,0.5512768034674895,0.2970976142707621,0.854343402924945,0.3283248785150312,0.2902533794656952,0.996603441803505,0.18881302427442792,0.20145583168536302,0.20503451716856236,0.30528815680055366,0.39547935282401014,0.49143506603129117
0.4694870790018669,0.4489011891257082,0.520732529954238,0.6198885826655585,0.5238163707113588,0.35891330775889374,0.46226395776623974,0.4405911088103699,0.49652459844574537,0.4981452372046937,0.514051106569283,0.5490580075332294,0.3876145936842783,0.4052511398645183,0.498920776148541,0.5304847349132014,0.4414190078403877,0.4172536907698816
0.2087806385470049,0.19777097245553743,0.3412536409675706,0.7799643726227061,0.5962245158531865,0.3817164046419843,0.6604439938347504,0.964055586343429,0.34237009829486764,0.9486397759814433,0.9852597141173649,0.30744387380305804,0.7826462881427914,0.8164853426152967,0.7651644140588072,0.73549745925849,0.4398944235511919,0.2826651835580156
0.4398259046158567,0.4752216296850933,0.24376869675547574,0.4803355963352507,0.37955664883951745,0.21701897469729303,0.3722184361371137,0.753433690267757,0.04004369896331905,0.7381185206572669,0.7214304551839703,0.27244788919949947,0.6924141398916828,0.7846198816954368,0.6784878466660085,0.7811513085472976,0.9179332264834714,0.7518629889747404
0.17240306268382988,0.23658953653251613,0.5387995690005001,0.7174519650257212,0.5510762781776373,0.5089431282773877,0.7707876823285003,0.423296049355657,0.46128502903480095,0.5297357750500298,0.5097658666556262,0.44267437039950797,0.3578074798195767,0.4462244594117925,0.41874061994644207,0.5161363251184052,0.3057653442846533,0.18179823551435903
0.32416504579143257,0.3843853561212438,0.31072938699628194,0.651765380609179,0.3201356883428381,0.17905351800164615,0.4208010376999014,0.9134741056223441,0.15087158257381184,0.8958954030968524,0.8943834292645758,0.15905819991357562,0.8413054916689393,0.9217788299356873,0.8417817358702422,0.8640256078060058,0.7291054923071842,0.5007476802161428
0.5244850591129079,0.499366970168031,0.2195579675196102,0.5160399504893509,0.5209899810888625,0.46617155153409184,0.5846199214762411,0.30402351845538667,0.2826838296127274,0.28283743900809166,0.3257820829685507,0.5187467662270953,0.283201281531381,0.3714815133101054,0.31913680710566705,0.3163841685586306,0.7076204294241089,0.6762825722300829
0.7005032896415607,0.5849012548471968,0.6327971801150793,0.5543921755823233,0.7136491146253532,0.7417737855572066,0.6322929339564154,0.19717800591017265,0.6627654899687094,0.2747056925405451,0.2689465591179989,0.8291953057780053,0.14785100748518987,0.15595672756022055,0.24951076500893876,0.20613285347493981,0.4287094696551297,0.5687965533992476
0.35088037027360175,0.29005928677734905,0.4771210309252174,0.5590508485310974,0.5661589224323877,0.3342812249985836,0.40565802865841327,0.5325049008142543,0.4148822292307299,0.5732743622940868,0.5905505514295912,0.5541886343402045,0.45680045015505444,0.4510911461271239,0.5418376624584909,0.5619477647129638,0.3719671390493011,0.36372367426184904
0.30900658519434543,0.31805301491601856,0.19501395584945103,0.6080910759716511,0.23556854804480243,0.1926188995132141,0.36046874328237344,0.2180062975113345,0.21957286603482506,0.20917431588914792,0.2725526774745828,0.356486366358554,0.2392825777456118,0.43984782138512696,0.3874710728484052,0.4506059975066876,0.6069051594651065,0.44421513930569634
0.22061295690551852,0.18423430238424232,0.3513560641508522,0.56229351667317,0.4599221290163069,0.21172663991873453,0.34037784983412855,0.8682287228375016,0.17980061555466476,0.8609947104882927,0.8723543940195624,0.3140488771289265,0.7604828882325803,0.7551134369374111,0.774332758462573,0.7766114629439016,0.4959446485760517,0.383663407290288
0.3327181415905164,0.27559482535403435,0.36006832833388946,0.6679863513482989,0.4653882625936634,0.28725025257399395,0.4174140687720085,0.8477153799211561,0.28216812210036357,0.8251870338737775,0.8679964818521544,0.29556509731587943,0.7755148015423203,0.7574264632819294,0.801965441072741,0.7165616363405898,0.5395753835326904,0.46034222433883176
0.899231532626397,0.7895817464246173,0.5766516953998408,0.2388868990459403,0.9139281471004252,1.0,0.8102089215111206,0.4376082640703164,0.7477995559740322,0.44473167072864817,0.4001249056080707,0.8464549975680311,0.40039276638099297,0.25950136709785826,0.3301760250508188,0.19753425141270342,0.5982217867117445,0.805171297769979
0.1520177919758986,0.2557994983081904,0.5283206552052309,0.7414146498777399,0.18620148560715455,0.11887733122775579,0.3736827178298392,0.7463550901467533,0.09442498136124922,0.8163451616879007,0.792242896463851,0.07815211560398883,0.7487117163676331,0.8514109277796527,0.834239281026492,0.9062420696884996,0.5850594126210937,0.28629682598780737
0.25345272508797667,0.3551600577115137,0.43801958542489183,0.6502491850169734,0.305142898519013,0.1300291938749938,0.3896876344771072,0.7148140798943627,0.23845069588464485,0.7575581860017453,0.7301454301639585,0.2529440367507565,0.658193057782331,0.7169353042822029,0.7259951723818574,0.8414807347067907,0.5205212690384868,0.2736582490128543
0.30398790181679647,0.2904800817280193,0.6682936846005174,0.7396877943530433,0.5499891594771606,0.3412875844523402,0.4906693293962774,0.830255670850016,0.6609559162032439,0.888602820698351,0.8968267461144301,0.4210456777341811,0.7168841338985328,0.592245738498546,0.792888883315364,0.7030684321208542,0.19209540831582395,0.14306195198934657
0.20739126958306742,0.21028283885217247,0.3576529520115681,0.4889645292909033,0.2598866042867969,0.1687649783236842,0.26534426383547904,0.6601663876802191,0.09335361179102897,0.6663418399743366,0.6541505555268623,0.22239608052261195,0.7083874746529224,0.7174434458785006,0.7610597469026437,0.748248304898691,0.5689832265403398,0.4306492646606126
0.22719067191480236,0.3376653321904024,0.736176952317388,0.9846532469646427,0.4051504190341604,0.5421347861599788,0.8616081342692907,0.2775506945259967,0.3685671673465567,0.43221551790021095,0.4455709276072437,0.28106058808529966,0.26088481263643726,0.389752025524626,0.4127566780162195,0.4415458525353464,0.4004339966527126,0.21940551112273576
0.3685600598692548,0.2964859688125241,0.5403303328066444,0.5481880559509729,0.6572716602463526,0.3847926634936947,0.44177520803951387,0.4174163449999405,0.5277484177445553,0.48589228316373156,0.5009955857272008,0.7017529668509328,0.3122674786789186,0.3251065229624747,0.41826304031225514,0.47699329751422415,0.2774812037856711,0.3039487122970106
0.33910335629791766,0.2810741927872451,0.3650735198592048,0.6740988975666471,0.4732209786265924,0.2982756551578567,0.42947548030800364,0.8614284148333675,0.29495268492370563,0.8373310227196493,0.8808163559958819,0.29466084925078184,0.7867680387718472,0.7609347049117399,0.8100773267012502,0.7146894296561703,0.5355701950535867,0.4598311423732755
0.076010328041758,0.14535743693881376,0.5434466097317574,0.6459941243986251,0.2697498083682084,0.14720744990160828,0.3518979863007714,0.4566499950622509,0.29818897300354985,0.5505861219106065,0.5250944210919088,0.3207156822009798,0.4566986139661091,0.4925632898285724,0.6110047231708657,0.7292547167257273,0.24837630677538902,0.04899056619568798
0.8248706906547351,0.7127315205577918,0.5086988674400357,0.5161419861663648,0.9717579392747291,0.7391890232051397,0.7671632194396225,0.6601763492565285,0.6470070576021345,0.6982568341140782,0.7063345256748925,0.7213627818926367,0.4582465528940738,0.44088473082437524,0.40291043997865916,0.4461362088254015,0.677138698829731,0.8330190759875666
0.0881623791883136,0.23806008877433982,0.4952198499617988,0.6187805114105771,0.08718516546526955,0.03807392152836897,0.2973550464703334,0.5432609569539348,0.08037641524520556,0.6187304646345542,0.5642082106875987,0.10953578969172173,0.6075275601913734,0.6993489314249011,0.7339807975937993,0.8793856558918158,0.4827749669807482,0.1541553066014283
0.3336179635500637,0.27655161757295454,0.3623575759278985,0.6706224641033387,0.4669487913483332,0.2891120923133075,0.4205426158145116,0.848725882734713,0.2838744473540813,0.8268246490556204,0.8697682790695889,0.29550324750738133,0.7755340328001152,0.7574941219085998,0.8019679497180521,0.7166068876913823,0.5395587511213009,0.4602872038965111
0.3869007877802607,0.3156898510236812,0.5287071803944356,0.7109658730255148,0.691012444385575,0.48046254012939915,0.6114605592937776,0.8355520849750955,0.5217982583791487,0.8593066858432994,0.8916045208970478,0.45500158068785335,0.6873530956556113,0.6209754603967081,0.7025143671649441,0.6256576687417317,0.3844849766507592,0.3804898715437097
0.7821625216813305,0.7871814224517584,0.4529872486941562,0.45837446634844303,0.5020729925707024,0.43820345300172603,0.5059515200284097,0.24404231526862485,0.6373638110031985,0.29349774288470964,0.2757056553564834,0.6681096147665373,0.2167212778019798,0.2689721170294002,0.30032474632357475,0.3894365442980179,0.6194135876733158,0.6461237230314141
0.5001394196445003,0.3885013233630399,0.09361188048158953,0.03176428497292649,0.1783090576956321,0.24818174980879926,0.0940695176666475,0.09322847101305853,0.2947990726493974,0.026236028160678382,0.02221392365274988,0.18852685509192324,0.16966102147309403,0.21696905266324712,0.04292943375988978,0.07525045692763488,0.6921398939821557,0.8365752935621704
0.31329897217331604,0.23012578536176354,0.41442088823984014,0.6310198359525421,0.48176234837702014,0.29269002123475785,0.3747697661697895,0.730863632476155,0.4273498905738209,0.7218213177810513,0.7674196768560186,0.3878670838760936,0.6839126530598951,0.6360129342884564,0.7470332695881736,0.6494550904868586,0.3734723915700522,0.3478000494736071
0.2534014810344526,0.2740046558677829,0.7352043203075498,0.8142082527301899,0.4995400745014005,0.36336119778858134,0.5527947445743506,0.7348562464188537,0.5254902155874608,0.8448818498390465,0.8399162969564453,0.3469896929750613,0.6466595348874395,0.5846575090573394,0.7454427804180654,0.723375793938946,0.26803512013577646,0.16795721172570555
0.5278570885842081,0.5737064030453642,0.4547335925718179,0.5714859661849938,0.5048751416611996,0.3205166369198982,0.4852868802871173,0.5210218158846643,0.3945516199861383,0.5729378013270259,0.5538750912576547,0.507931489381594,0.443147958759603,0.482115803333455,0.5047624766467544,0.6236392154650465,0.6053679703700261,0.5133783578867201
0.550407683563709,0.4439958453647368,0.1320319467861104,0.4801048798579539,0.4188524228129913,0.19751198228962474,0.21959863711487415,0.4831291951136739,0.23701971517755238,0.4095174975108631,0.4884052406605197,0.4807980835138088,0.46872447309064214,0.5457076718145444,0.544863336578044,0.5339382576199898,0.726927883540941,0.7395596242200191
0.4382879541482102,0.47331284571272847,0.24070154886172945,0.47671511740529704,0.37726981939788673,0.2147279589693416,0.36814956355755823,0.7521219726016994,0.03792105234721044,0.7358334107588125,0.7191457525397253,0.27242341704215534,0.6924297102536321,0.7847113327830864,0.678509659515528,0.7811781766047237,0.9178453415143182,0.7518180809946688
0.26993037841964573,0.3418168886786741,0.34379330276707964,0.42433136805075344,0.2313416241076376,0.09332823732332995,0.23678538429775964,0.6732279160670089,0.07291251949024469,0.6774669684942138,0.6319876097583315,0.24141355769306272,0.7044840004397042,0.710243021863431,0.7482843269216741,0.8070447771605356,0.6301980783621641,0.4323347656571912
0.44948390506138935,0.30985116427822756,0.23231567001162734,0.011622337580730058,0.2892845384589995,0.30792878707661675,0.05334808221421472,0.10767948976858921,0.16190024156944371,0.0989266558191102,0.07320192295879946,0.2909768882734547,0.20474080042250842,0.19453192732687014,0.14011138333447026,0.11637749059094982,0.6367940087452528,0.8240395981316846
0.7016745632504743,0.7592092805556807,0.5183849624610759,0.5758324435059996,0.4428412530630832,0.3581952123274217,0.5003716150753617,0.7663765239470532,0.5850260348203884,0.7996694832526032,0.7646528868639675,0.361611658818225,0.7088541606273118,0.6581856299037443,0.7215079654143044,0.7392133747284308,0.6775046278996626,0.6142882138052972
0.35843876561536614,0.37196090697704687,0.24365557124855863,0.5717317338143113,0.366477693909651,0.30393762518024614,0.46969198795284584,0.41464298103122665,0.23599695827746014,0.415810634566931,0.43365472558737816,0.3568987758320483,0.41844553033994414,0.5503788845902478,0.4716353221964602,0.5362723390112081,0.6614530160311569,0.5322656835022415
0.3043616289110983,0.27858482921141303,0.3045912664486199,0.5597765754881747,0.4170728669418733,0.1662456757973496,0.2993207978106116,0.4169044607270539,0.30705656400242054,0.43207355851215823,0.46473927789994884,0.514609319132445,0.3585448032857699,0.4608834657946939,0.47613060325016754,0.5992401956451998,0.44609026463067103,0.3429728511468739
0.5171143612634906,0.48608360222408153,0.1885702099619535,0.4829552856859243,0.5564089377147943,0.29377630672396826,0.42064617540380844,0.771748648619617,0.17045135212482654,0.7270801802689328,0.7440568400659475,0.42813507848212895,0.642805044430655,0.7036477019303828,0.612372709630971,0.6873014199584611,0.8218908665606215,0.7583423652231347
0.4415960759882903,0.48163093387136624,0.4195734593397358,0.7154070215332613,0.6486980744505801,0.5755784587129922,0.8385190036053669,0.5469022353998831,0.4121159924819082,0.5657068290454792,0.5768551767787868,0.4796973949887089,0.47527018619746597,0.4992900282347456,0.48346864403726597,0.45215636910695833,0.5192056016671589,0.4322320728973912
0.7849088491401172,0.6681267161602928,0.5884646212338294,0.37686777617876244,0.7788089170444741,0.8663802465431827,0.7135957495708172,0.2735763369975688,0.7053214164817221,0.31139562046930336,0.2926245744805904,0.8042229624707458,0.2466996490643062,0.1953751602064407,0.2595932076583092,0.17720099462710648,0.487869600324889,0.6675812200627154
0.7074650316847789,0.6084952325311053,0.5993628430046467,0.36005931577787065,0.8413690897649706,0.8624313846828748,0.732111793284596,0.2966721713058921,0.7345453585120714,0.35825332758056727,0.3218815513979181,0.8811408499115532,0.23699793064723051,0.19036828568371472,0.260588365361792,0.19783815819470307,0.45336235843019623,0.6014940040491079
0.13591311871457334,0.24788502623028852,0.448216789173403,0.8837797981458189,0.29967496762871804,0.41622693028264246,0.7352574411039701,0.21876510827968876,0.16388796782128656,0.3083767444470049,0.3512041754678179,0.22714277029913155,0.19710228449466405,0.4450610811996873,0.33160544638650724,0.40884133591221405,0.5519014060817697,0.28658041047701976
0.18811942546283256,0.16020511577746088,0.35022158637387335,0.596410629782949,0.34090385200576345,0.2356368079294584,0.3582046948390678,0.1521339258424912,0.26642583231723904,0.19587692151986724,0.2410938996017351,0.4922219898007758,0.13397650129739447,0.28782213516263205,0.3110522874811492,0.40343840287218846,0.36110966515709286,0.2548885333772404
0.9006259122923205,0.7850367277864505,0.6550217065819619,0.6845560360501701,0.9704999223990967,0.8159235305307764,0.8465653235836661,0.6934953045581258,0.7320141529458035,0.7531021781910294,0.7845488416476933,0.649501601628079,0.5080644980639606,0.45216766220783017,0.48477529296360977,0.4406805140361745,0.6749322018501294,0.8396987635639097
0.22257940704698698,0.3192254342883294,0.6919538714698299,0.7380915218709188,0.36907061125614615,0.23733308023374633,0.46690912763767933,0.8005716565463745,0.2908646050193209,0.9146817820917119,0.8694864745033586,0.21839200082422283,0.7165846276492482,0.6886914261385257,0.7915241609140158,0.8627756983154236,0.4357167112158562,0.23030288725237003
0.5452073005050831,0.5394648768628525,0.47125518198673033,0.6552707900229762,0.5177619186172928,0.3436803553284147,0.48264801242052613,0.5717427641604518,0.47978327081303584,0.614472661472599,0.6309357591203568,0.47538432463213454,0.490224343533463,0.5275815667502386,0.5643190377718583,0.6245377005323465,0.5728528659960455,0.5238278438225856
0.7173738712708139,0.7210842171805742,0.40640140196421815,0.6157893248856485,0.5072875002879391,0.5802796881118613,0.7197531896217697,0.2227544679493838,0.6094771556923808,0.2754732849374857,0.29511969075989586,0.5119862872859815,0.1947363586645976,0.30855247469824326,0.2531839159548199,0.30453850017774564,0.7129968198954912,0.7046343215850803
0.46554931400420163,0.40541213054009484,0.5192955978780143,0.5347577220071291,0.6365056288699089,0.3955040724040475,0.45684858835694664,0.4545248381316864,0.5347172355767662,0.5161165260027987,0.5212076137064994,0.6687277233918987,0.36032804124642404,0.3565531147881275,0.4472099064839983,0.5008786620364054,0.3637380918010533,0.39587223854920217
0.3318741478068602,0.3287893334874168,0.20244640108837375,0.5564143260956653,0.43390595387763864,0.3501386589764608,0.5164369873285919,0.3459420594018362,0.14564715199867617,0.32947939453367314,0.37032130584559453,0.43090071639196625,0.332157167285263,0.45913562457359886,0.3902696867688882,0.41941370883405127,0.6466080686796307,0.5248657994361146
0.08933601324156604,0.23967612219384193,0.4986183787352352,0.6227081032883963,0.08901298014719772,0.04028686405070969,0.30100468747146625,0.5442852160617526,0.08259676596996712,0.6207893918335534,0.5662526286059832,0.1095370556875852,0.6074771567318333,0.6994116601662852,0.7339048821973062,0.8793807947911023,0.4828650171800535,0.15423115739784898
0.211924375876826,0.19696358591260976,0.20688989589720075,0.43648784579018063,0.2502324179366324,0.0917593513937569,0.19993705640795723,0.6898393295850471,0.25735354542098454,0.6317072790676748,0.6407210638589347,0.2852310828372573,0.7382600316485579,0.7315379385567451,0.7846403753802296,0.7352642831814387,0.42985374527050535,0.30994210028451086
0.1788956907605347,0.21343966333668218,0.6175624254812022,0.7246046131598374,0.368625101211425,0.2971299614501923,0.4842886812662419,0.815844851297262,0.2823638428889472,0.8840481662497284,0.8664367362875698,0.19895115961707854,0.7939589760033312,0.7371597222952113,0.8508119950290873,0.7836652017817312,0.38756063591223455,0.2389212542680763
0.3324824578653439,0.3953379968572788,0.32935041655941566,0.6742440804376879,0.33273746056166864,0.194523403642906,0.4445853287043735,0.9223451508456417,0.16482924375587338,0.9102866799746938,0.9093347873022597,0.15906669641410165,0.8414335690182313,0.921755129058345,0.8418363699947773,0.8640468965932595,0.7293281089642394,0.5008239622095092
0.5550791387547064,0.670482264844342,0.5848763672269826,0.6264305737905014,0.3312186267888644,0.2840515728313826,0.4775390173971088,0.8396262267117554,0.41008509884738586,0.9025658377264432,0.8450478330287035,0.20686451786089122,0.7994008604444391,0.7586644309792854,0.8197927732896293,0.8532916425597976,0.7085525249314084,0.5450154958376208
0.7431263576954922,0.6373501106912445,0.5916570764992848,0.37649149033041907,0.8423504175011562,0.8735595491950212,0.7417427967139414,0.3166207678316256,0.7425839717884988,0.35640077009546545,0.327168811147728,0.8695999447451312,0.26297324280057155,0.20717148729991058,0.2654753318504206,0.19501462785246426,0.4663321563719398,0.6261263664246441
0.17960905042131892,0.222258706789489,0.49547589160334304,0.6264844711040882,0.2616674131954133,0.14885675744789761,0.3074728646944953,0.5426587963016767,0.15122195275390427,0.6145913600800834,0.5997672943944683,0.25375673353616257,0.5498152387768953,0.6090167613661885,0.6716827588984513,0.7631849286950314,0.4889771260587581,0.2977894666709049
0.5585930747522331,0.3964184659305343,0.26934258609869266,0.14369687699100675,0.3600214768442107,0.4124903434433067,0.16712926902344893,0.08768556650063519,0.30701611047805555,0.08978884990722502,0.10542991098059651,0.2789070169109329,0.1543943245687892,0.14046366472540478,0.0956305960736159,0.029916576910781423,0.6583920480645775,0.8872664176302942
0.7298888216484242,0.7576316790138793,0.4217602147078381,0.4570869036562817,0.48739486839752844,0.37546780310658034,0.4646021941720315,0.2604636805360002,0.4287256244956401,0.3141536367083586,0.2901020209596197,0.6393541349925169,0.21175990801079558,0.2981279994508053,0.2884745340591228,0.4542538886090497,0.734950065903768,0.7125313910254576
0.4556373471015397,0.4940630230009042,0.5199574627299435,0.678449595530489,0.44396133047002473,0.31458311385726123,0.4942589463572138,0.5342819547903985,0.47908036385006936,0.5951989663464212,0.5944680246897036,0.4302580231236022,0.4875014569429177,0.5136593023405929,0.5841960478344084,0.6404624310925207,0.4929277775075853,0.39327370075120816
0.2982812839158252,0.39371624114544623,0.47072547973013235,0.6840832142415252,0.2894959869560858,0.15567947719009867,0.39904385063925396,0.76238444298335,0.1596448498380152,0.8121936141836195,0.7881802276839065,0.1856334653619247,0.7120819154838474,0.7879235473046644,0.7711888400075693,0.8659072016030824,0.6567250018710127,0.4060944251930285
0.45717074887800113,0.31838403489655076,0.1423394752183884,0.04983005732982093,0.40618162441146866,0.3466069826130447,0.14771203035892855,0.0482328402785982,0.23922720878230885,0.01751920792605799,0.018069056599081756,0.4326073907286827,0.0712885796320657,0.1181706427438785,0.015440785231068954,0.028522637649781468,0.6104016712480635,0.7833113670045186
0.6917431745374943,0.6487329001020019,0.2797049691299205,0.5572137244264637,0.39835388275106554,0.4323624559918007,0.4944459989802863,0.15683212473477515,0.41769247088034733,0.1557368568287505,0.22335502083074554,0.48622027214650965,0.1603338776247395,0.28071629400548376,0.26865244073651984,0.255529082241009,0.7785196565733965,0.7888909449413877
0.2548258227017367,0.31689044168459213,0.36617416016862947,0.659778958747506,0.2787570813255791,0.09301776873135292,0.32435033337765873,0.6608519344979875,0.21365246022691187,0.6852526537265982,0.6866036231709329,0.25680741997663237,0.6186510694287521,0.7216654295238429,0.7069654639361369,0.8205432930494823,0.5506719598852634,0.3178610806655944
0.6916433430377279,0.6571795707863788,0.322044723364153,0.5560006772504789,0.28810250055929054,0.3795622919701791,0.4213404162518066,0.3108397651113588,0.4367230888535727,0.2935801082488323,0.34404474636560556,0.34380677578682683,0.4021525245037316,0.4432625574762566,0.5009742689756367,0.4001119355277636,0.7740337788588152,0.7798669487252585
0.8925526553003552,0.7822027793382604,0.5657392926521809,0.22803036851506286,0.9049396295535088,0.9887692337661056,0.7958540613913381,0.4344893617057862,0.7381267345904199,0.4385150030521292,0.39371992959145996,0.8464947833574048,0.4003881644584726,0.25953741956414494,0.33020743800089436,0.19754867938224097,0.5981079651864152,0.8051042144964544
0.31228116041434306,0.48065375316601,0.5676261735314543,0.44132080991485045,0.1561286157162629,0.08748635575217367,0.26175276542078363,0.8027705006436396,0.22368442297144808,0.851096093348928,0.7507126874902204,0.1417120534014995,0.8688358892552495,0.7208299794333062,0.9112161666145875,0.9117908200394083,0.5305054105534059,0.3003713641032131
0.666974746555076,0.6862583934972009,0.5608456044052805,0.5454728373336657,0.5150422789087454,0.37860820242930426,0.4665691713758493,0.7867447743031497,0.6360777733662806,0.8144970590807532,0.7887389771528799,0.4384826397689623,0.7140702164215935,0.6025948163177135,0.7320168282489337,0.6923310219494996,0.5574026096490468,0.5506668986489167
0.7676803315722961,0.7222539418018732,0.5219513043173443,0.6194924120412519,0.7424660880279694,0.4814175870884201,0.5618652087221156,0.6517609766073729,0.6140021857725886,0.6756469510847978,0.7008442205101022,0.6473138917442858,0.5026906983034085,0.46936770448476767,0.5350844389731746,0.5363725168622484,0.5963269672146303,0.6571486732082197
0.3330328937492696,0.39594810524237656,0.3305985255731767,0.6757917092747698,0.33365070561897103,0.1956879992904783,0.44575404055095724,0.9228892562840305,0.16560297721066863,0.9112119116799879,0.9102637982922817,0.15910456084205138,0.8413050480055575,0.9217985749916024,0.841699125969285,0.8640483927252482,0.7292696704082238,0.5006985281346723
0.7400557897460293,0.6726420915705813,0.668700616961905,0.5559733189257665,0.7310061494933653,0.6531413689424883,0.6528192373886994,0.5521800489262587,0.6538896310162752,0.6318123666942335,0.6208507503320293,0.5933368345641437,0.4768954048408862,0.4089030250932026,0.5032320051297496,0.46295210681157584,0.5890964479654974,0.7032518377264614
0.1157663869502209,0.26938308956657253,0.5095332542840239,0.6282029634802928,0.08797199091420205,0.05100717691544743,0.3103022330631551,0.5446680679008393,0.07692255910164292,0.6238033907296898,0.5679351381979267,0.1026755714350549,0.6106392047919045,0.7047626804282205,0.7353514705439697,0.8787602664401319,0.5195898891391832,0.19111110569914747
0.43733853180937354,0.5325140045128771,0.42423453982271697,0.25286438375126297,0.09419255146582883,0.19351368067601804,0.24432282261505422,0.0,0.2979053659502151,0.11338855814382431,0.007233230836547699,0.416736887907198,0.026173172184065674,0.16199418951372174,0.19909094894468082,0.4817786199467742,0.6428494388732175,0.49435902327099135
0.1923234071609926,0.25446387245044577,0.3987549567956141,0.7424751386767654,0.3004839094099334,0.3868412765535205,0.6191993906581676,0.18995147129253376,0.2301790247951896,0.2501406226738574,0.29114390448369987,0.30267378731058336,0.19484324230998484,0.3740250825914693,0.33285002789432894,0.36356316402764377,0.49325070674092,0.3126454997945951
0.6581831721498878,0.6771801153792882,0.6162229295383197,0.3669146973579309,0.6304795053508674,0.4754301428400547,0.5137518382518644,0.5685527026311765,0.738091397782076,0.6402663108344893,0.5647988760706748,0.6675814853334237,0.4902605106113753,0.39403066651958,0.5063529892402889,0.5561212251745515,0.4432280817898635,0.47760965281776047
0.18355885934095106,0.27660469181394864,0.7138768116760739,0.7646431701606766,0.34317751640005567,0.2406909175040295,0.46938354577955455,0.7090205444841666,0.30159673426154177,0.8389308580090125,0.7975894866987425,0.22053778822191683,0.6532064900290162,0.6428384444302266,0.7564130062866057,0.8385032696996042,0.39164780994713433,0.185462769119501
0.7898963937533795,0.7652901856063195,0.5240475682006132,0.5285157915671332,0.6126473049306005,0.4598393988970515,0.5018352008659313,0.44605765124492636,0.5923422118453505,0.4888020674006619,0.49175436131808037,0.6437784273047582,0.38138543762952204,0.3745406761860372,0.4490910478504444,0.47243476251225003,0.6414244212188016,0.6985566990859029
0.46758428860962054,0.4960090884346082,0.488451539350359,0.6573566853967829,0.4549444581686586,0.3063412191827535,0.4711570249605983,0.5493314304229144,0.39652560061802644,0.6011729846662952,0.6038466298532787,0.42862618544598297,0.49621734170154785,0.5291013052225388,0.5833111988557063,0.6425011759083685,0.5578023628030551,0.46051019714082253
0.1770491754665734,0.24395399887913016,0.30245345869413764,0.7546435220314831,0.2956766929173451,0.31814524838420777,0.5883601618931782,0.3065112657266392,0.11373292447261463,0.33579752908552996,0.3830911563738024,0.260370432603259,0.3077562508673878,0.5251848042521923,0.417459642170096,0.4735169222922808,0.6005660618875595,0.3534438805569664
0.622152818730524,0.5894538434390195,0.554542814104455,0.44559703917600846,0.6189795539651037,0.4782369048580053,0.5075731824426848,0.272149357979092,0.6712158867315567,0.34973974389985996,0.3231981524637173,0.7571071339237332,0.21220038154644127,0.23233137780819918,0.29905498471416436,0.37655287287855743,0.42519582255362764,0.48820081686774075
0.3335307565904929,0.27653923380206136,0.3622856340244698,0.6704696309069873,0.46682643231250265,0.2888712687252375,0.4203037660930189,0.8486150971795592,0.2837959956472438,0.8266881039930196,0.8696062236044182,0.2955160925608358,0.7754721452414357,0.757518190499417,0.8018984711594697,0.7166197211997403,0.5395582991382002,0.46039636577768683
0.20782800971986404,0.20735193860176038,0.4067934951878329,0.5720063384933494,0.43315846240701483,0.22407420456465887,0.3777296762492601,0.8611842280476854,0.1543648908325519,0.8751173980355442,0.8665880572375815,0.27928876100487954,0.7682264149410785,0.7602190091128187,0.7821646542636342,0.7949759366949825,0.5108234621433221,0.3691773125693998
0.7311877981423341,0.6835328788453734,0.4989560253751346,0.4091511128958967,0.5964717649939566,0.7658092221460966,0.7675873854282877,0.12823759973588467,0.7081451038305508,0.21012479277976914,0.18030793294446457,0.6053842912194687,0.11572992772421653,0.156245204631772,0.13019042688969162,0.13398218376564164,0.6387837135285095,0.7440807765836093
0.6583213395036093,0.6773378740114337,0.6163285446468394,0.36692136046537627,0.6305635048788865,0.47579029550858554,0.5135053125503299,0.5686150567537607,0.7381999503501597,0.6402838683270293,0.5648493721841983,0.6676062614983913,0.49027058113553346,0.39411662230230066,0.5063032098798796,0.5561145156553833,0.443262001979998,0.47758743533446246
0.8146533245787885,0.7881642694055775,0.6797073585407198,0.7722055769117984,0.6819543099618051,0.8244049671122426,0.9450515200513947,0.3212303099646915,0.9150549346715819,0.41647509497038016,0.4390434704525321,0.5201192467339648,0.28031289825979866,0.3112870748397443,0.3224066547322959,0.27110173089847667,0.5867440801053967,0.6537232168750378
0.748326156280157,0.7261332520695176,0.4891935192387975,0.30069622272442986,0.7467552750074595,0.5208606006731973,0.5468008429811513,0.2924383198787426,0.8349916203119685,0.33219168935917254,0.287318486390451,0.9644202231659642,0.1965631439992801,0.20228426544765338,0.21968161404984365,0.31287245696970745,0.4000867672317854,0.49166228092856157
0.6153963626883227,0.5574016588239616,0.5237253845408905,0.44707704044505636,0.6904117932350775,0.5180709904713696,0.5501398608327164,0.1777203967429497,0.7381151811706679,0.24748883068137584,0.24885408725526692,0.8650273541422726,0.09123831309737673,0.1564062868291914,0.18660940839300477,0.27004631752394803,0.3691830614338225,0.4527010500258539
0.7714794945532876,0.7712908318958966,0.48565805429708053,0.44910102066202606,0.5021603708280422,0.4398313049146827,0.4851574612814762,0.21742305212402024,0.668198286776224,0.2699708367726732,0.2566554547013251,0.6887788527589189,0.19319736790168474,0.24023429373209365,0.2953480736850578,0.3618863582635481,0.5883539567380176,0.6239005521427661
0.3170853753298969,0.25502580048543444,0.40388608495005407,0.5487126586375113,0.507548907495541,0.2640182220082825,0.341217967615008,0.6168343296516596,0.3329771923505733,0.6325200549610492,0.655131511246986,0.47729374608607644,0.5446654148975114,0.5436934975280923,0.6155218544678771,0.6317158098394389,0.41994194652925865,0.38404822260386395
0.1700854335538765,0.2862420329144666,0.3832869887799255,0.832412765827653,0.25019489602260303,0.36418565599842134,0.6850059592746063,0.279101212149808,0.15414074318907156,0.3322259495054176,0.3661891076373647,0.20184645234674536,0.2789140140021945,0.5445951157150339,0.3855984773159593,0.47547924102921835,0.6094235852580476,0.33012791733376945
0.5961064590446584,0.7338160941992005,0.5854056896725197,0.5254510208279091,0.32653474721971465,0.29157874618512647,0.4606349646711658,0.9066326402512164,0.44656087069592854,0.9436582378965797,0.8631011607824548,0.21771715599121033,0.8983444334025581,0.755989837295719,0.8877940368325952,0.8400801313728536,0.6793608246795853,0.5356514233344154
0.3404516513854391,0.5594482399082874,0.6796147193083861,0.5377528789211965,0.1766381497122136,0.1518415340110355,0.391264551118665,0.843299152024718,0.2730950442993234,0.9248059437017335,0.8076249854275828,0.10433585676498858,0.8903962113369619,0.7382565185214802,0.9277060744982006,0.9336833780610678,0.5380672824986139,0.2753845838741664
0.4594840796300118,0.31022277274459187,0.1358025777468468,0.041180669498295686,0.40403430509340654,0.36240489281615185,0.14458114468937966,0.12111239361192427,0.20740461351512085,0.07621844788642718,0.08188818695506295,0.4464018901116322,0.18504849999462902,0.1845168339290018,0.14383753486930972,0.09883952741175506,0.5926966204620137,0.7756632366148679
0.5580940744204911,0.5785825720705551,0.42554593062969825,0.6027852478702909,0.49855993874853444,0.36346987200442094,0.518080129818753,0.6740605822549248,0.4102070581065034,0.6987946849972919,0.6934702526251222,0.4029242573925391,0.6006415140248416,0.622119109620167,0.6240981324911075,0.6699876080382474,0.6715919927107545,0.5999875355497575
0.5071331341584434,0.5113661534193399,0.22243819604612947,0.6354763849501519,0.2258909440230208,0.2615805561694158,0.4102451431700467,0.29372162044816386,0.2979849638678971,0.2796401036923266,0.33653119946031373,0.2920051457229442,0.3523215425623787,0.5092495558228343,0.4705307609305147,0.4715828554814887,0.7559895023840884,0.6411340172844526
0.6668262562609563,0.6722449053512376,0.37261201708063174,0.6269140704168148,0.6354422435051308,0.6064232192464583,0.7769670390480052,0.44305976117838053,0.4407474359256298,0.4910067048268718,0.49714130869926665,0.4888274228199234,0.3584809981124468,0.466562072569598,0.35293694813837706,0.4457190090782357,0.8157308659037927,0.7844505527111632
0.3127697449425214,0.4635387507951605,0.49788254355680683,0.6108744395684127,0.14851600583181712,0.09105136474358533,0.3345224983728472,0.9526198942774118,0.004553123097293721,0.987049169052767,0.9264617295606343,0.00011463063720418276,0.9500350143836263,0.9999373575754362,0.9612731276560029,0.9941838615955974,0.8413889021659171,0.5171491142500735
0.5213121206193984,0.5619395755656453,0.570905937578746,0.8079891514938651,0.4440534062022621,0.4734781747423753,0.6716951847096011,0.8296260177330796,0.3331289847711054,0.8976948450551976,0.8958217985173227,0.17707808084727206,0.7670084103272596,0.7985041459316069,0.7744347978776132,0.7568251078084891,0.8066641375985857,0.6867948846241188
0.14451120078649493,0.23552129142862,0.37640630820116305,0.8260769166400719,0.31163515113719487,0.3842442696399564,0.6835287408776018,0.31998930573963114,0.18635410148895026,0.3825345747952349,0.4211880551700822,0.22863383485464417,0.31142304555889255,0.5415180852274444,0.41611701817443225,0.48773390514873816,0.5657526715137917,0.314835003183199
0.16753127588128003,0.15864723266523217,0.38992329849321816,0.8222331689149796,0.6132305748318896,0.3906925835232524,0.6848109439511396,0.9464402749106926,0.36055567067287475,0.9498620523585493,0.9869802494666184,0.31781736531966476,0.7568078600335431,0.7947868236057307,0.7524838263606304,0.7319575017359525,0.3792506480847251,0.21357521652667066
0.5659891193193963,0.40646958528726396,0.2723761364950237,0.13777213057619386,0.3813164227689445,0.43012120378803465,0.18712416771519624,0.10387998563599476,0.33135367736077637,0.1040023995494459,0.11659460666957822,0.2948176181150213,0.1716929156871294,0.15046516925411552,0.10705001389915192,0.03944656149076675,0.6602680790836477,0.888856277498276
0.7008922457301171,0.6815234091153679,0.48078847737455943,0.5744684462934053,0.6023418722084812,0.579675265714517,0.6672634479515298,0.6015198007230154,0.5215562401053857,0.6266128664704487,0.623740383087219,0.45750237688545803,0.5665313892004318,0.5261250520991108,0.5619198495888051,0.5087384128137369,0.7073891870659959,0.7371327861591408
0.215682699501056,0.25729081426456735,0.49796469742393956,0.7464801221169632,0.36727454154340866,0.19444162204026672,0.4165678246551736,0.4566498643977802,0.2826653672046415,0.5472674957527783,0.5583456422613011,0.36653821208752313,0.3935805599343707,0.5138714299189895,0.53800165725387,0.70491324881535,0.43721528147480804,0.24193697821195648
0.3249778823149406,0.38546214226893705,0.3124491858400922,0.6538662233404451,0.32130725517479575,0.1804434248031921,0.42282794539715063,0.9143471046063294,0.15214314440235555,0.8972809837510358,0.8958338318153594,0.15910764202291428,0.8413814003610092,0.9217436616804502,0.8418083017642646,0.8640272934471733,0.7294006145871708,0.5008307576330819
0.2748514552791349,0.38641729373485534,0.4451764004657659,0.6547046233755105,0.23115328866247564,0.10602217897331334,0.3588392449639497,0.6996969988882438,0.23077267008700364,0.7408567567822482,0.7122068240439972,0.19555916263882933,0.6858360978092968,0.7495523013803103,0.7653226691250885,0.8597360902141578,0.5615560953060792,0.3042010068104224
0.1179008366046882,0.19790022192175205,0.39185846314668016,0.6087236003080436,0.24149503697742003,0.11161096215370758,0.34578457850235056,0.5978904145778687,0.1482102209539664,0.6339601726767896,0.6136813595160318,0.23364044787862492,0.603731668755594,0.6884587670802096,0.6938093854970342,0.7894863860600978,0.44529737276587245,0.19486930513658285
0.7770082079554809,0.7450546076724311,0.7028422693503704,0.5159243666403364,0.7658229970840866,0.5906645951364045,0.6091302396319525,0.471034590121315,0.7261758259120747,0.5778504698212907,0.544965373976585,0.7367934827912188,0.34915181349265834,0.3208756530398407,0.40115797742961146,0.46329104448128455,0.5336457956502418,0.6267411771461111
0.5225557878617272,0.509411976541406,0.3118805040337955,0.5764809620237159,0.48689260295635983,0.482823741455221,0.6148874386517083,0.5059915124281833,0.441030758432575,0.4869905104040393,0.5107708748661635,0.3997742509219355,0.522448669583254,0.5285142069596778,0.5346879880164881,0.4547049962279144,0.6284017440456722,0.599293047404446
0.24521198200981142,0.3375499688339958,0.5923064085379162,0.8201402148740691,0.4271162152879977,0.3267284940227997,0.6172733410441493,0.8343929217995634,0.21322746427399553,0.930095637449168,0.9068807769049849,0.1867662395951435,0.7159885322978239,0.8019848644629253,0.7507986190587665,0.8437299902416961,0.605316244143604,0.3653530593020067
0.6125331723569648,0.5463113310040766,0.5937301546249771,0.442799783403121,0.7045088255861127,0.5501932978144715,0.563318014483881,0.1159470154882919,0.8028881509020751,0.21321245128156407,0.1981653342561689,0.9081907541823868,0.02314424054189612,0.10125059352437504,0.12792626778670524,0.23453354651369618,0.31750649241686757,0.41852854965036346
0.38273031889127174,0.41960930290709175,0.4354627952559964,0.6553548192153031,0.3710197209791486,0.24341408373439277,0.42144963336819474,0.87545583789656,0.10583531904153975,0.8957993330063119,0.8889108866327207,0.18874197003000148,0.8055181561387852,0.8365901914066489,0.8193836696173276,0.8295285202034559,0.7815258610964528,0.6071998476293503
0.30777562159973904,0.3809437582496187,0.4019932022610755,0.8291382625821835,0.40515623836338066,0.47349135752031346,0.7600250144388689,0.40769792266657323,0.30078944344576897,0.46338786110028773,0.49778159421274193,0.2717078503347299,0.38707288389323025,0.5587085116820076,0.45646642081192645,0.49424321677014316,0.6311752534969368,0.4407496683895298
0.09789434034147992,0.14186585517435213,0.3239789635247208,0.5853369426573338,0.2369429938412213,0.0319629805419388,0.23087089390889748,0.44593635093799766,0.10667605649830714,0.48944786824242836,0.49085833960352554,0.3151477780785874,0.4210431505831078,0.5730027698093736,0.5578519081308171,0.7653948901965635,0.4546643147764633,0.20410348053358596
0.23729554095940586,0.2810114705557558,0.5959742273915531,0.7113827400107509,0.3548437604755652,0.29223797005978636,0.47923550508817225,0.8294821091468885,0.27856440157745466,0.8880482737853168,0.8688222857121595,0.18827468588467067,0.8126361050065216,0.7575744978305192,0.8609539194339995,0.7918431452501202,0.45712927632680667,0.3065028343494862
0.7381242602217039,0.7496902976388804,0.5889510301828791,0.44563829357054585,0.5733688452644625,0.4324562020371103,0.47800490029404896,0.5842268641225192,0.8119796115515157,0.6207305886326813,0.5809097745533851,0.6346971994699728,0.5350283251804002,0.42466658967370036,0.5750690604460913,0.5522372102761515,0.45293269917893286,0.49441089320729437
0.564343940318759,0.40458078598445946,0.2693439399465096,0.13442665499602358,0.37907188887441845,0.42724141984706954,0.1830604081404319,0.10321358934216063,0.32879791542775605,0.10237526189741519,0.11490713938260377,0.2947448063112459,0.17163350464392546,0.15042192663189596,0.1070840358109637,0.03937147306575617,0.6602646565395849,0.8891182570213472
0.6566792076506697,0.6754290237280094,0.6134791492178722,0.3640621830915465,0.6283596443635611,0.4733077040662059,0.5097744104369091,0.5676621240306001,0.7356145185419294,0.6384828398778244,0.5629787929809955,0.6675871132979487,0.4902629898852582,0.3941237954571251,0.5063297255755423,0.556180375198555,0.44325108525187806,0.4774987745636057
0.2863904955576627,0.22368290897167964,0.48725748748352027,0.5699816428099864,0.5065362549476549,0.27043614593145415,0.34336965770830163,0.4013330401470846,0.529418713617781,0.44681072005097455,0.47638516721879465,0.6119316879112084,0.34683018219842787,0.3580312404429679,0.4922964725902892,0.5156433907427713,0.21344503513686863,0.19812886169616273
0.24867430164554027,0.31301554890965755,0.25169650152746526,0.42428946741609197,0.10270052662053875,0.0839948935927044,0.21446100722230588,0.14275885109810538,0.12006472422147096,0.14910787641618084,0.1469250527960151,0.35482126428582994,0.21119646054390273,0.34891128748689687,0.3870474376143189,0.4851741405709258,0.5372432867832442,0.35398469108352426
0.5588229020335199,0.39684307415587994,0.2700633055664201,0.14442019982147913,0.36047187466702035,0.4128730319634455,0.16829502144252118,0.08773225739051682,0.3075985334327074,0.09005046508048076,0.10582133747324418,0.27896572658389407,0.15426511209192229,0.1404086047885606,0.09544462246318641,0.02989959245919105,0.6584269545185639,0.8872551606640191
0.37241393209517215,0.07776133621674752,0.7990566362594635,0.3030029312466245,0.7151607799247646,0.8010331480732762,0.2849722244368089,0.16014360790451465,0.5123080429482494,0.29525403083115376,0.2945448717979193,0.6882902650989926,0.22826888074246832,0.07442947539651912,0.42523816447471097,0.08666989302896333,0.0827685585540523,0.42834602660739285
0.3655439159388475,0.45677860906083034,0.8908764781185079,0.7419750950065702,0.4117577113947368,0.33400159197265733,0.482171125798073,0.6322706913740865,0.3712162666256247,0.817546934833872,0.7537564928295213,0.2998487431339598,0.5721059462428097,0.4968284776916692,0.6996992159243196,0.7884136081929689,0.47402557348149466,0.343273869533552
0.21981934033208483,0.22002102924397682,0.41370839913382884,0.7742655484223779,0.6946989382392752,0.4273539594557145,0.7114951169099348,0.8634372538815107,0.3053605466545113,0.8946243772819218,0.9150612989212856,0.4041518305708385,0.6477824574934821,0.7079182361007685,0.6386717465902132,0.6996036671885824,0.44600153233382467,0.2924351416141948
0.5469791049899494,0.4072572706294997,0.985981437909428,0.4872281303023369,0.5994080961760162,0.8266153900133948,0.5285558078822912,0.4710762406638008,0.7664432084806108,0.591756837073891,0.5286425235278334,0.7229627819605866,0.5072086988162448,0.2768982900375459,0.6814962531810265,0.385938628160438,0.15420604786593906,0.34311525641890595
0.6593555500974383,0.6860534612556393,0.3482622418525678,0.6996943653630479,0.5575203042589505,0.5907755361713427,0.7970098746406431,0.4178067695392531,0.42276890644335596,0.43628432102763437,0.4655948803782999,0.42620426121485533,0.35986467005546285,0.4917734049132248,0.3606743202449625,0.4183238581105939,0.8404588695164665,0.7719801841465523
0.3474812494428662,0.29135390848943254,0.6859699016882006,0.670597684607841,0.6599907435171317,0.42268543611833476,0.5146718026731367,0.7314558641297308,0.776537325008873,0.7844641985826539,0.7985568719052041,0.5731931623052702,0.6202065127808154,0.47873516610553407,0.70002338800473,0.5857106690549074,0.11725817420669182,0.13933278442087027
0.1773111961585051,0.18650716233086384,0.22639897920898688,0.6157666779491926,0.21605710024196934,0.15118931645247358,0.31657704572117806,0.10563534906699557,0.14684965833715902,0.12870551911583727,0.19424971747165354,0.3817319440475453,0.09719035451030955,0.334892363683222,0.2915348676943974,0.41389235699963356,0.5206491080137126,0.3276838922584935
0.47671940591123063,0.482579883179991,0.7174010793210086,0.7390304078950618,0.6910824312410233,0.47514986430585093,0.6370489775483121,0.7173216315614719,0.7092760071319613,0.8105390874795442,0.8036462265061726,0.5500481978222591,0.564002773785365,0.48795143606246977,0.6267545532621535,0.624051132759267,0.31270892454284627,0.2918203636595671
0.29422491798648764,0.31324726448026574,0.385472675305512,0.5875650522905498,0.2694666726028321,0.16380357779397592,0.3086518537076066,0.6553171603313508,0.2967206668396578,0.6504792801539756,0.6567766463595062,0.2659617381482191,0.7006324048672079,0.6830441555335518,0.7836538629734693,0.7230057399750189,0.4704062316867046,0.33671527239165466
0.2350222939402079,0.19673024546325624,0.3714302515548136,0.4481379999933459,0.4886845247514875,0.23784099694167216,0.32519177213250927,0.44257365016226635,0.41244540943734087,0.4596439296770811,0.4631738960633338,0.6013286504444777,0.3960378545831815,0.4026839972151626,0.4889874956944893,0.5411137778722435,0.2481681410148373,0.20656317557595205
0.2645277122017601,0.28366932844283665,0.2015324301169299,0.6261259302640685,0.21916560552135023,0.17499348939189696,0.3543554110046805,0.1533563122130437,0.15176345821700332,0.16038842645601536,0.2267216956630429,0.3546387792067496,0.15641294126229255,0.39373206585746995,0.3250608120224474,0.4268362445343006,0.6225840756791186,0.4283805380325967
0.47921692094390733,0.23139353877447943,0.8738763729902148,0.4124729260403379,0.6931831019463102,0.862392959951805,0.44222472370111543,0.13025858558761005,0.7055566985205504,0.2871927879817835,0.2809575940846396,0.57236494459125,0.19360260052013112,0.07252423971800226,0.3231524173025997,0.07171910087410294,0.16766807221615632,0.476321729860137
0.7661231649213541,0.6161546062447933,0.5767742545610353,0.463999141996851,0.9585877941780316,0.7702063922904392,0.7357428564342521,0.5121765358513741,0.7178035404374445,0.5709008186842164,0.5956890843738187,0.7852953024444604,0.34928715636687646,0.3383583874176283,0.3378355235988446,0.3637479443710392,0.542343089696333,0.7424978531472655
0.34161316025010613,0.3562298710688949,0.5913144009369882,0.6686015068200772,0.4240506869258287,0.32582434588738396,0.47096611555631407,0.5560876375949755,0.5751386344559797,0.6282864056147726,0.6232612265943183,0.41026268735661287,0.5359680932145696,0.5083141265818867,0.6457729269209458,0.6425389503021615,0.31800959332234746,0.24668000588035577
0.23485154186572654,0.29080921765497947,0.524231782848632,0.714580740688604,0.40528471480203554,0.22967101421041924,0.456823739599987,0.4790551064037043,0.32555637435478735,0.576438684388785,0.5694706064781312,0.396061526557423,0.40553003293907364,0.49703957600604004,0.5307091927033656,0.7014813858707116,0.4149606250284419,0.23166340387126128
0.8108573308579293,0.7413539660456618,0.6983136892356478,0.5911033105052836,0.9060149988305228,0.8305920712655728,0.7891738057393032,0.341349349351207,0.7762898850368414,0.4591939718064266,0.4412544072797615,0.6921490974697517,0.25415118067904674,0.23881931394047345,0.25910347418581003,0.2273563405716028,0.6717322747439451,0.7961548388066593
0.8230889904511532,0.7541629398613563,0.577203397617704,0.7445970442706904,0.8327961025540336,0.7168674819298775,0.8223418146947838,0.7223536346849209,0.6323572980122116,0.7780492307238129,0.808785325391657,0.5243381426006182,0.5520945016454113,0.5429598925069912,0.5348522551889183,0.527157401825485,0.7422101804920918,0.8240140915737744
0.6268620443195007,0.5919558392831774,0.5693126751149373,0.4369444801372735,0.585901443542191,0.4806630390347806,0.4868073463032605,0.29140141765861194,0.653084489402346,0.3592768457718871,0.3403525835732708,0.7104044552003275,0.25931658768927257,0.25240841665272645,0.3557089787550254,0.3735453051358584,0.4423089946211167,0.5137852425232656
0.15290148136303483,0.1275739022644089,0.4375233190034282,0.5368853727008323,0.29599931917827926,0.2084248777650326,0.2939034383227064,0.32152179665013836,0.3866734203603652,0.3523749375083467,0.3711173301847437,0.43494965012144027,0.3806862143688987,0.3838300755512645,0.552827925202863,0.5062169893564843,0.1995793243652071,0.129723386125842
0.43530868251725086,0.5010300748991958,0.10820035104109405,0.3564985393796327,0.07886357858368975,0.07932180374657305,0.2061355940297469,0.21053142345381015,0.16621364540106942,0.17071839128400623,0.16722666166881162,0.3256981075791947,0.3011456561129323,0.472900002340142,0.4158722647685704,0.5267993572807146,0.7627273082600354,0.5848243166737523
0.09360973418910412,0.245702419948171,0.5105907658325828,0.6362348626936831,0.09582539044120852,0.049385017874768344,0.31504396164260795,0.548279592218089,0.09079566326198751,0.6285137021438008,0.5740636614691605,0.10952003149888734,0.6075200148347317,0.699546651316183,0.733879783812653,0.879419709531003,0.48282419350646855,0.15428720856996092
0.7022119628744868,0.6490329105170236,0.3147708579853483,0.485384732249865,0.6645356105897895,0.6063221278394484,0.6963953823780762,0.4639118005855071,0.6061006361946002,0.4489311237283733,0.4651197626430612,0.5867456304055076,0.4014681312505659,0.4400347872771642,0.3692514961193467,0.38695050543016496,0.6735973298074895,0.7312921735504303
0.457228800767311,0.30446848082021516,0.18008635703034814,0.024087834336655067,0.3438061197921385,0.3365360221922584,0.08671181121767901,0.11755770254091469,0.20626882589644335,0.08759965393541091,0.0827694159591672,0.3615903152555535,0.20743730338758404,0.188242009286742,0.15742847033658203,0.10183607485794588,0.6100065891309392,0.8076436584845603
0.43733853180937354,0.5325140045128771,0.42423453982271697,0.25286438375126297,0.09419255146582883,0.19351368067601804,0.24432282261505422,0.0,0.2979053659502151,0.11338855814382431,0.007233230836547699,0.416736887907198,0.026173172184065674,0.16199418951372174,0.19909094894468082,0.4817786199467742,0.6428494388732175,0.49435902327099135
0.7341185387348775,0.6869319832800591,0.5040996782894034,0.4146323476000089,0.6001441599776249,0.7709076138631161,0.7742830327833592,0.12919468635402087,0.7126063471966568,0.21269930846956298,0.18293246180935085,0.6052662554618484,0.11571861878455203,0.15624284640506442,0.13013071441803348,0.13394915072330704,0.6389515902706269,0.7441609986672253
0.3439381059199417,0.34888539935578256,0.5347076103693666,0.7507806176250438,0.6645771845781201,0.6250728486266346,0.8406144753381235,0.36963020171893846,0.6512882547032226,0.4540132641111605,0.47357086955470096,0.5438525563864858,0.28062175354691987,0.3799282339077706,0.3304956807421886,0.39598055168352975,0.3562725561500457,0.3134528368024685
0.2159699851865634,0.2799924978320687,0.7048495928361129,0.7301880910435412,0.3974783321545703,0.26378942929525895,0.45632499147362493,0.7737747882844019,0.33507476537908243,0.8890944398948022,0.8529920333978378,0.2554046988617418,0.6952562956653405,0.6491623806853337,0.7791138634733876,0.8246795616761533,0.38103871346492046,0.2187875893292437
0.3314167066561605,0.34931430382178696,0.6952133630084187,0.754962419721275,0.5852730287903227,0.39409323403280405,0.576100673291855,0.6856247081547293,0.5616343805821606,0.7878550295842743,0.779232660968916,0.4600712647398,0.5665453580274449,0.5154009788872602,0.6522811895393921,0.6696521854894744,0.29203684731110213,0.21784154392700428
0.5331895475350926,0.46743183085346174,0.41044691565423275,0.7400635537625302,0.7606734754176847,0.5580135744431667,0.7227300444369531,0.8413958163357731,0.3990435130805645,0.8530769419128201,0.8980388846398513,0.4401970538255764,0.6454089966459653,0.6675217505870747,0.6186468220829942,0.6187172666865686,0.6754755207875942,0.6627274779191334
0.15142152615434756,0.21276025662442133,0.590842148034779,0.7445650226822753,0.4011924551973103,0.2180767955652403,0.4523019611816541,0.4537632328365484,0.3210469138348673,0.5790118834584475,0.5662302972525759,0.39511550902956905,0.37415993451684626,0.45512048677129785,0.522505367270027,0.7141905981808934,0.32431430755822843,0.12745507405278
0.6830473110734226,0.5635573617200673,0.6354716957704154,0.536607440546609,0.7318451851415897,0.7511487797523864,0.6298739393192716,0.2351957959158365,0.6878736127985032,0.30580095221552317,0.30936057009124207,0.8343504030364273,0.18396862615627496,0.17606068819480775,0.29234186009398955,0.216887316447812,0.4096757795689119,0.5553229609064982
0.29036737854895056,0.21809021404683304,0.35255935129839955,0.5690242030227264,0.5191894654338765,0.2660900806720936,0.3608732821100662,0.7532695590401084,0.2995679557644988,0.742400871518653,0.7741738540865151,0.4156337214138708,0.6600832988816345,0.6486786117896215,0.6962111770491162,0.6775511618769352,0.443505408518144,0.3946505221556924
0.3205214436621536,0.019590343602188698,0.8484153070887062,0.287055751214051,0.7256500804928379,0.8147207617192458,0.28347224720975683,0.05806823835916308,0.5396377429772019,0.22262953211237502,0.20434627742921707,0.7127529693804922,0.09864216971443396,0.002012771460299767,0.3041961784450653,0.024684807858047608,0.012776395365515558,0.35712825128543924
0.14576508835700797,0.22864246659082177,0.37333716813503637,0.59375665564747,0.22234741928842672,0.1059035632374723,0.3350069472529018,0.5975976210069032,0.13982378462813783,0.6265013564663673,0.6052426858118158,0.22026958697971777,0.6152085413202262,0.70491422962155,0.7012810567560153,0.7923983755891766,0.4885554186831895,0.23720065991608896
0.24877379341189487,0.24850536673149182,0.29117662405810174,0.6380811762067751,0.3740985449566254,0.3851809209994035,0.5471803513276736,0.189486280468816,0.1862263579698502,0.2120343783690397,0.2708008818528893,0.39246364240082654,0.1837211694031181,0.33777541853231124,0.30054906878228294,0.30837492158706326,0.5449188357905796,0.4217720631493298
0.6111460892088908,0.5874176561181141,0.21018488246881706,0.4259472498324466,0.3851133382512597,0.2077962225179686,0.26499374236066453,0.4290328721108829,0.2156235743409427,0.39242113135568424,0.41772126031491186,0.4923863327567757,0.42596429444824646,0.4962496723860009,0.4958465256852542,0.5484538626915936,0.8028986496464106,0.7674476128349794
0.3589521118622784,0.4123136373358709,0.17993483534656685,0.4188064094252497,0.07743100140240022,0.09265572508721487,0.22001518668865483,0.14043554245677536,0.1766083753026173,0.12579406030602014,0.12981940506497192,0.33563377157639507,0.2147032648575976,0.3909456646790001,0.36697819075105165,0.4778156732275891,0.6462481270895724,0.4762186205637431
0.43733853180937354,0.5325140045128771,0.42423453982271697,0.25286438375126297,0.09419255146582883,0.19351368067601804,0.24432282261505422,0.0,0.2979053659502151,0.11338855814382431,0.007233230836547699,0.416736887907198,0.026173172184065674,0.16199418951372174,0.19909094894468082,0.4817786199467742,0.6428494388732175,0.49435902327099135
0.1475575559528487,0.2062434605896315,0.581832447508408,0.7360150146775628,0.40137839873957115,0.21171890040539143,0.4421679157315239,0.4528261423970029,0.30910743812400643,0.5766456150975166,0.5641711999068633,0.39745088512438453,0.3714573902080027,0.45522469226756684,0.5189405532477136,0.715920598792509,0.3286873039461977,0.131514376929184
0.3990779539962285,0.3980402464752961,0.6017590125351253,0.6826873248712655,0.4917897971943155,0.34707989450560284,0.4815915401428694,0.5279798146383097,0.581363310483241,0.6081333754646296,0.612418932472762,0.4784665038752236,0.47074582026670964,0.46286459935231267,0.5862805910525091,0.6142206361844385,0.34941327190566973,0.2980627963416671
0.6628994954094968,0.6096402263749834,0.9339998125014386,0.7911217028334665,0.7739142064124767,0.8326877245707132,0.8889956223407007,0.28083323279609174,0.8877454919454113,0.46105022469886814,0.4582956773026161,0.6274018041344465,0.20194341965479945,0.22786428272475984,0.3027364827180148,0.3052974966530497,0.40528224318594464,0.5052914456907176
0.47191805118496044,0.48786358916830475,0.6369951149831983,0.7400161152214535,0.46986433289864427,0.4040677535089259,0.5590286551049797,0.4218363759205602,0.6170246259916286,0.5292079488002106,0.5336424862836711,0.45999929001054785,0.37804687075948284,0.42157108965385864,0.5114616519455488,0.5746529967373513,0.4280688039860929,0.369043537436198
0.7073671790469628,0.64805114403597,0.6569516923870014,0.4098242354047219,0.6883252367490387,0.6154808913611642,0.5888894261198012,0.16919573136940758,0.8425736465655178,0.2696992670381879,0.24079055427774643,0.844169046659274,0.11032092008492334,0.13521151406599935,0.20713606113342742,0.24490074214170487,0.3887161303116784,0.512767620531954
0.36769237859432946,0.36208883633439704,0.5726748961865442,0.6863658360895268,0.4946961263819969,0.4297386637336498,0.5719065026666597,0.7842481344659968,0.46369210185439247,0.825030801817465,0.8236669923525337,0.3154946817205766,0.7480577340107055,0.6622629806393541,0.7779244507277325,0.6716552641122682,0.4387816591312712,0.3864811241572401
0.7667167809847687,0.7262830323998726,0.5291975158094067,0.5864695339407802,0.6659196781705183,0.4907543130783991,0.5419446652930198,0.34792624037112974,0.4574942614772328,0.4167417703802465,0.43220736930117765,0.6779303154707697,0.25494402925345727,0.3104274145057894,0.3347418471693291,0.42179711222850647,0.7114682274635189,0.7660075097353487
0.0784540713723062,0.1487247506028211,0.5506586419808555,0.6539380065059719,0.274125103182254,0.15277451755154337,0.35953458451328446,0.4587237442607116,0.3035048387053507,0.5548737821172247,0.529510637127945,0.32080967212842926,0.45666982361330866,0.49252933655338155,0.6110106949289147,0.7292101840616905,0.24832212972464784,0.048996557396806306
0.3567150984441555,0.4094364502768928,0.1752649716644763,0.41334169201492665,0.10609617516024272,0.08887595152584282,0.21410267315698217,0.14534049721175368,0.1730605828442111,0.1308383296642417,0.14155958189729678,0.3652825430577977,0.20764970739195165,0.37837335798976074,0.36590943083282856,0.47583167924688685,0.6463081166331446,0.4764478450669205
0.4141094328095104,0.48120877807071216,0.4484875969210691,0.667634093842858,0.3861677217618895,0.2353306841400271,0.44916534158976207,0.9191626127748249,0.11761763808041303,0.9461958664591472,0.9284057733576034,0.1881766528657831,0.8126492973913888,0.8575166879190397,0.8166776145757866,0.8645081446333986,0.8155973270410695,0.6127209752212286
0.2532044342264844,0.2737964579241041,0.7347650208041285,0.8138190525673843,0.4991769131593957,0.36285768251622974,0.5524781114146395,0.7346756740716665,0.5250291075777382,0.8445213467200106,0.8395866292596255,0.3470175635609094,0.6466399110996863,0.5846552936204557,0.7454407022936156,0.7234092789377276,0.2681299586231438,0.16788308519204276
0.27911784452672095,0.39374925012750306,0.5236003323004388,0.6362089421073707,0.37392623196515173,0.22157379945416888,0.4738719260637838,0.8629297752288638,0.17335857390465303,0.9358895456059442,0.8807353216777289,0.19883637324752557,0.7492036252151903,0.7971064523645992,0.7635935810085477,0.8983844504050289,0.6423547058835364,0.3941703109321375
0.41575149322189453,0.45201148800482294,0.2393308286190674,0.5176814489704293,0.3673213003313822,0.18813695054210466,0.36306478495249594,0.8104801079553934,0.07777624623620749,0.7863254278072425,0.777992761955177,0.2509949630456465,0.7371111411346774,0.8278774207057356,0.7256834637389709,0.8123109190513118,0.86319475999014,0.6848705222637821
0.3168272012086225,0.4135578188814011,0.5271068294614225,0.7788803912681765,0.38559222682258354,0.30128016159767457,0.5817050096074099,0.8375852966140307,0.19081887635766082,0.9060252935608102,0.8843447220645788,0.16955999314026582,0.7444102584475596,0.8343589797531781,0.7696918192962374,0.8448614421601321,0.6996652558181238,0.4579036734340016
0.7246145186951373,0.5956752306785187,0.4741148561605746,0.4971530633655954,0.6783202232005856,0.7458443052598822,0.6553491571860608,0.30010674194208675,0.64519995121388,0.30096433605349415,0.34028956527111576,0.7392344976058756,0.2769325083449061,0.2571177997088642,0.337495846348411,0.23689461763415443,0.44381407795503125,0.5986211626775364
0.7832204398539607,0.6659031780404985,0.5850594381501781,0.3736074406774046,0.7762776698641758,0.8628213248322809,0.7093409707441238,0.27281723328689034,0.7024410149764888,0.30961589983275695,0.29080747653161243,0.8042767230535894,0.2466932087457946,0.19538342267822623,0.2595936228451887,0.1772282769324307,0.48774961252480087,0.6675601364835968
0.32074210682591386,0.2995813386522572,0.48745715070812823,0.6975272767645118,0.4601948911965541,0.5066907915248704,0.6397523998693528,0.1880467511549212,0.5051860883906847,0.27087467777518914,0.3140387189209719,0.457487115849307,0.17036586601774284,0.2840988019073966,0.3026941633360647,0.3135388806326216,0.40696203574858014,0.3689643002202121
0.7423808172430949,0.71522907578909,0.5580323063872208,0.5329244400913637,0.7093127464207523,0.497112271318207,0.565710963028025,0.5330630420652156,0.7738878209348323,0.5691292614455601,0.567110731521586,0.7219254819299568,0.42723903069811664,0.3816285365146294,0.47001450072930684,0.47598341760611373,0.46495075300048994,0.5304879371359341
0.6781394562864117,0.5984025890259239,0.9413717766622676,0.5335704041057245,0.8754509731825577,0.9612922701806781,0.8159005744052696,0.5112442886734363,0.8515079976075004,0.6600414663788421,0.5891963097902733,0.630346004948467,0.473839774045846,0.3134485808274216,0.46890439084614144,0.32519886372599394,0.4467049728022148,0.5999463016532096
0.9629169719571092,0.8448778538156438,0.6644655088827252,0.67538894992683,0.9435606168158068,0.83137257927882,0.8416643457366617,0.6764555955261322,0.7620354098065212,0.7308469189653424,0.7632401149037706,0.6344423059182553,0.5172983042420143,0.44635159116481254,0.49509645241689926,0.42442390443947464,0.7067450814711707,0.8867885725827418
0.5506594219100739,0.6337367284474418,0.4395966336333794,0.6350091596734373,0.37169050047137797,0.27672330000166934,0.4854784354446431,0.7268392599961102,0.35134432104169466,0.7571817633609681,0.7332152865359451,0.28249676323580775,0.6791883496127087,0.7191037274752095,0.7089316752060975,0.7744247953037309,0.7452874990977769,0.5893449509805055
0.4322323428884963,0.4180577367414442,0.21759730098996322,0.4924282002718656,0.49695204247597125,0.25412371504287945,0.38685475888479637,0.7011305511442236,0.05359989690100786,0.6835289323782774,0.6916572617822752,0.38754722155369614,0.5948779847197103,0.6940680022042984,0.5884025534704658,0.7059381394387616,0.8541172325594,0.7408324408540263
0.14543833517891136,0.2535535478336326,0.44125982732389213,0.881189533453913,0.2845048337992364,0.4027723633435554,0.715812029749296,0.2395933323993188,0.1713232902232562,0.3247488061743049,0.36777898807674037,0.21220342889323174,0.22769267368136625,0.4739621032575602,0.36119517879775653,0.4325192967069118,0.5648633594894596,0.3002959790588706
0.6333965626034758,0.6167826805596595,0.45803837750075793,0.5488958711868785,0.6381465104362591,0.4475575878474918,0.5552850941661549,0.37460648897276483,0.5633991846088677,0.42323952263707953,0.43043778275368316,0.6854065111284908,0.28419778372579296,0.3371715945693399,0.35098382449755317,0.442569492718889,0.5431339455813198,0.5533601703447284
0.7587173066432799,0.6459884877812732,0.5787312998897507,0.36162437650688783,0.7288105046428142,0.83607973813556,0.6867416843877323,0.27691447831714655,0.729545834657098,0.31178436702136514,0.2876287517018492,0.7575888018769932,0.2678738208999756,0.21201571711697192,0.2750762448473443,0.1932951930076554,0.48090238062637325,0.6535131416901891
0.8103126891359401,0.8009042794021668,0.47526556993987024,0.7292351896899945,0.5855612323650161,0.6003583225476379,0.7357251432098186,0.7385166057613082,0.41415937728132546,0.7809795930738004,0.7948704247203389,0.3113504265125655,0.6481831110775735,0.6870285001684047,0.6245548593376609,0.6313228955299246,0.9909603625577834,0.9832118416899922
0.09419288840580997,0.24677963757397792,0.5125600095198375,0.6384162849548836,0.09704742542923683,0.0506061013051351,0.31751327296889587,0.5489338487439144,0.09217730856368345,0.6297602166542622,0.5753954281434726,0.10954725901877249,0.6075001486947413,0.6994108245896855,0.733913169839779,0.8793728181991676,0.4828047570107723,0.15427496110597816
0.7384343512380412,0.6635863846512506,0.6957140691011516,0.56313230485092,0.7100753176047225,0.6551740749854726,0.6378390620738412,0.5157943307491238,0.6604059032715264,0.606290488129144,0.5968237503661289,0.5843495280597837,0.4539827707606936,0.3902039947372861,0.49589579094455516,0.45185064791512386,0.5850619793549348,0.7068733134413918
0.5356221366686348,0.4824500025551155,0.5332485402678455,0.5575507378851419,0.6355357724877313,0.4528881703134289,0.5224021625910922,0.2195502227743008,0.6962573516733759,0.2911791545712856,0.31543748994191856,0.7774355568475142,0.13665983515783742,0.20510638641224083,0.2658727646408705,0.3380467376405034,0.33663700269781893,0.3803476668096164
0.5302096038292922,0.5066537963168434,0.4594075294059885,0.6183564069164174,0.5304246319913457,0.546170711066281,0.6707754173360096,0.3227199960994057,0.6171473561915888,0.35112562131281577,0.3815045139260589,0.5390300914492729,0.2904301300894071,0.37547839464221494,0.341347314751109,0.384715187384586,0.5055583239180237,0.507319069761647
0.22722167607158694,0.26684338420957054,0.29246681800751384,0.4773408017576757,0.19602343656846832,0.05745334066565766,0.2008285160455956,0.5034407686426378,0.19840180974752686,0.4957283210445371,0.48832133843584424,0.30770820655321707,0.5609171559018709,0.6031934902116816,0.6705170364418507,0.7157857560383032,0.4670567733382309,0.29113729880477823
0.3579955443645305,0.423358415829836,0.12643266081505322,0.38486160268936853,0.08846499604861235,0.04118354865360141,0.18051919886882795,0.17279336223220676,0.1317404364003223,0.14035782176559586,0.1471440857341102,0.36399746187534743,0.2415211994003199,0.4155221041508092,0.3894403905439112,0.5147027634764705,0.6751572394311454,0.4798963220105239
0.7640505245729808,0.7359388997326852,0.4704021233372142,0.30311466650180874,0.7739975559804273,0.5209185309876929,0.5523139090885381,0.29742574468648875,0.8553658193785929,0.32897763581867046,0.29092101182462504,0.9965194931662105,0.18885175265022414,0.2014900100669858,0.20511046224890483,0.30532461024352653,0.3956597921690179,0.49167557976538734
0.5962457544269694,0.5699005912163115,0.6185770542716464,0.5567552702902092,0.5194921371267613,0.45639062746314485,0.4949297249339888,0.38093309661939123,0.7123314562262548,0.4451695770682249,0.44394249862132673,0.5897997518614784,0.3791789420412883,0.3346549641749627,0.49558801341232606,0.4452719222395738,0.39805897054006234,0.44314591875983744
0.655958300395214,0.6746659247661742,0.6118912764572539,0.36252448835788265,0.6272827085179873,0.472053012970723,0.5084990972073835,0.5671570181697521,0.7343548954680608,0.6375281082051181,0.5620961037799121,0.6675451991654209,0.4902487922202716,0.39412041806401193,0.5063175556153006,0.5561895198850288,0.4432785792540699,0.47762569962892365
0.3143392824301706,0.26419617372807336,0.3964879102883656,0.5510914208696343,0.38267543536389126,0.20034959341113767,0.2664309989907383,0.4523586988858309,0.33222609459437136,0.4737445102287463,0.5035320460111261,0.45631648983762796,0.44346411506223693,0.4745014409182596,0.5748361588151871,0.5931421885168462,0.4161328480175537,0.36342019469753595
0.6094702113912299,0.5347625509150642,0.49091277407791667,0.558946962206671,0.6763285531414687,0.43989222968055763,0.49513815629124913,0.4329443219332457,0.5124063211267949,0.489575346071915,0.5145452926365108,0.6868080478856518,0.30429172933790316,0.3692619414818274,0.37719383839897924,0.4947740014874795,0.5434561202118415,0.5985771147129815
0.19255097921142406,0.17414948672564412,0.3561133812695476,0.4850134218615936,0.34066162129532285,0.1885152864199129,0.2808964879662543,0.631232934246011,0.1061162072471098,0.639504228790239,0.6345016529888596,0.30952471841934837,0.6407954311926425,0.6467239381025711,0.6989384038801281,0.7023102503225247,0.5021093777184127,0.3871860941547227
0.7251896939454127,0.7117995698834414,0.5551135416303365,0.40503185845738576,0.7395958703427559,0.5117846921900422,0.5634893421691722,0.3881213875609498,0.8088363413488282,0.4448063032185121,0.40561862925077885,0.8663073893727928,0.2794885829015691,0.2660521306480708,0.31264386039881464,0.4011188890890678,0.4051989675536667,0.4778026194106575
0.6393131711612855,0.6230657455883628,0.6361677370385816,0.5859201867848709,0.5365903620138341,0.4589407994805592,0.5122985277755392,0.38942249353096015,0.6047431437700648,0.48140113782043126,0.4670948516455653,0.5715385819306769,0.3565252200996454,0.345834068128489,0.4637141967161358,0.4917173846824918,0.5081208499549061,0.5397495810674617
0.5655619522767862,0.40584530875146796,0.2716008412574018,0.13691868200925006,0.38074644210210873,0.4293420199424034,0.1863404628199974,0.10368734660001033,0.3307469234825344,0.10355764842975468,0.11622465845873298,0.29478871828298514,0.17165759052028573,0.15042961967097562,0.10705320391403061,0.039431417728166385,0.6601610214402911,0.8891190719482096
0.5735795316245841,0.5582471602446553,0.2172918250235658,0.46870810340287905,0.6049156012757424,0.30826507075104237,0.4414880929594851,0.7979494347489984,0.18415031774267998,0.7573806954502091,0.7631308406473942,0.47190661352981045,0.6423026598589974,0.6809133591977563,0.6024448790949823,0.6857079574068636,0.8355047414657142,0.7774359554131314
0.372423714582801,0.49962126614066515,0.3907716951169036,0.8261642885657272,0.19098464682553118,0.3117192467238974,0.621369126894884,0.20774324851130166,0.2927742738492647,0.2846797087042894,0.31259260231229624,0.2139802826404349,0.2098886420551358,0.5005804533215445,0.3564729783945848,0.5121779618280111,0.7330675737740668,0.4682756393078735
0.6005367998063221,0.6681847448997817,0.5772143605154048,0.5416087610875726,0.40414223144397643,0.32345620796888586,0.43214004290085084,0.820178126115428,0.37255937478326073,0.8661336090872089,0.8161109002533413,0.291808827286258,0.787487249707937,0.6842382059569514,0.8007767771923509,0.7748699234066079,0.7163995062188733,0.6348456052647693
0.5753701389203737,0.642806710196077,0.7029924299647536,0.7233130113789885,0.4826038682370497,0.4274960322569745,0.5999496748661364,0.7160262430502009,0.5662106718187649,0.8221248229744542,0.7853513171837858,0.3417913490653959,0.6433350731168144,0.6019394127255944,0.6985363269950153,0.7300421926288216,0.5807608052229207,0.49594350246979113
0.4601149713686733,0.31167541692180256,0.3034999365971256,0.06877684845969911,0.2421909973808667,0.32032220037980874,0.05365578635242674,0.12266425107393208,0.1724722878411633,0.13015772399560976,0.1095357542533717,0.21978919523732232,0.2496187470995489,0.2164965682737649,0.19379246156564722,0.13900511523540748,0.6038499886420376,0.8022892041818048
0.7784318194239742,0.5859726265326508,0.3209851286226564,0.009357112196374029,0.4661861717540574,0.6818867051780222,0.34726889255760485,0.12783307317606374,0.3067936743356823,0.09317737476379673,0.08993752404651523,0.4445000583770373,0.2205009426159854,0.13506870554043499,0.1368804458259869,0.023186065440013337,0.6418135988721334,0.9460053896309639
0.1717900954449022,0.23594332017619468,0.5374352488266845,0.7157675569604574,0.550111332004499,0.5079663897988933,0.7687505056897774,0.42290238941795955,0.4601853776156415,0.5289317100574888,0.5089510838928619,0.4426993661533518,0.35779632816804696,0.4462189214513775,0.41878265495616573,0.5161247370401072,0.30562570403505074,0.18178825748501404
0.7507958358550114,0.7202632478811775,0.4750631608729985,0.353825246826434,0.7529413687140496,0.5056138317635357,0.5451947102645427,0.4341644762980855,0.8482333897527701,0.44596550424210646,0.41970933063875715,0.8914423801861904,0.33277264085353586,0.2953158743422318,0.34192257286051797,0.38101515167067657,0.3990396379530263,0.49036221425826265
0.7758310423091422,0.7278828610201615,0.6690271543100792,0.41636001077232576,0.6800648261116302,0.6243533207129746,0.6005690258178009,0.1843454600943819,0.8503917413445223,0.28109787306208744,0.24660313716241045,0.8374582701374218,0.12966596711507172,0.1481544470207235,0.2163260132686693,0.25725606610105034,0.4430389807278592,0.565032991442902
0.22033741267227336,0.3802503116067879,0.3969235914242124,0.8103360428033559,0.20069770637885487,0.22907418719404182,0.5902152961909231,0.178485082075999,0.221365234519729,0.2608001555724875,0.2762618983443583,0.2731511483236311,0.15576118756529367,0.44084718154974084,0.32317678043797615,0.5437052619839724,0.5781724370106154,0.2559923080380513
0.7645261133326365,0.7362827713650537,0.4713709775506234,0.3041706857505151,0.7746904921760478,0.5218220305716712,0.5534588155771205,0.29757774536607995,0.8561734027235315,0.3294595291676794,0.29142853311996975,0.9965209984321393,0.18876958515659747,0.20146718050341011,0.20504111288765547,0.3053073377791389,0.3954793463780266,0.49157456720161075
0.7834528422695769,0.6663352455332654,0.5856607863568111,0.37414913916761083,0.7766230732972332,0.8635430701741189,0.7103004654771836,0.2729225819638068,0.7029772610901999,0.30993002373744893,0.2911370006772458,0.8042656081992787,0.2467210940647997,0.19536304263998022,0.25963918627529803,0.1772175905585871,0.48779290279272214,0.66757761987316
0.549616092871657,0.5958625066708085,0.42985497760574454,0.6969027769204725,0.4924575084142757,0.36107807948421256,0.5688278807865861,0.7684480825422031,0.20804614351177841,0.7989008115051572,0.7981893503963629,0.30301577773746646,0.6655394028876422,0.730244442361637,0.6758716313325279,0.7339476089969788,0.8574473189043157,0.7160700152616548
0.6858394422998447,0.6734666866989565,0.6286544388463002,0.744079117435474,0.5512927221946058,0.49348645116822487,0.6119286346371005,0.42450126874235017,0.69548532779441,0.5100749469167214,0.5343931753992326,0.5183593156488564,0.37295442262023437,0.40339684653863345,0.4869040238975342,0.5013885161168365,0.5454340865114882,0.5507826296872007
0.5560157473684636,0.6083624049318366,0.31896900633297953,0.7516965693442459,0.4619809860330857,0.5241507315452361,0.7751014567285686,0.47768948847414217,0.3350061855888691,0.4782178039483511,0.513573851024204,0.3217243176779392,0.44582175234775123,0.5928058884484122,0.45238134825616294,0.48320169002824387,0.8388230195577047,0.7050667873895291
0.4384159151127932,0.53372705195735,0.42627511214154445,0.25504793097098943,0.09544529920035205,0.1951077994181345,0.2469327312163303,0.00027482458339023186,0.29953526480788417,0.11429565047214019,0.008189797063063331,0.41677001531147173,0.02606345174170699,0.16203655744013085,0.19890697357481613,0.48169154127179437,0.6429329620141015,0.4942962611747741
0.8165553192381131,0.8141486579524306,0.6007704345334486,0.7986515715880245,0.5917137243942883,0.7745364022512584,0.9281153546836118,0.34090441580248676,0.8742710281834389,0.4210763592342319,0.4507889758153847,0.43069922376938674,0.32706814979352816,0.36224835076137535,0.37167370418903456,0.3011368828071712,0.6384411047496255,0.6710211219849915
0.3125892791498418,0.30711572832184575,0.751917131499034,0.6912158662024295,0.5928116967534469,0.3641121497500248,0.4871623046527622,0.6229482981850731,0.7718746775034471,0.722099305466936,0.7144931727681185,0.5803741401941311,0.5199097700364248,0.4082996346043097,0.6449075513580413,0.6118528135305339,0.09001138893081584,0.06687629081227775
0.4540789305103038,0.3920975270588478,0.30005102437807274,0.6102463901288164,0.46163613991132846,0.2778352529932637,0.3790679462027926,0.8572253979488393,0.28157448738167146,0.8065510990864466,0.8517729285891251,0.31276027741365464,0.7939393848256846,0.7617554846403232,0.8056507470396861,0.7056898441003956,0.644706816990076,0.5979761917546664
0.25088012029389384,0.28797725374704153,0.5148106006648221,0.653521993996482,0.3569463093529148,0.27120080203011954,0.4479004057843552,0.8183305392409279,0.23392106085911601,0.8571284617871615,0.8393026128083876,0.20599071670502367,0.796479131080273,0.7644813011256171,0.8317235635177678,0.7873519308526389,0.5113632146555815,0.35986447130427157
0.4339909441636244,0.52985102104233,0.7544897782430264,0.7536350090119801,0.362095401669569,0.35655034261538043,0.5480981132813989,0.6330854255011986,0.4837745260199209,0.771311418619067,0.7232829619975711,0.26040450528075376,0.6098699091917457,0.5892439422264464,0.7090212720669369,0.7697067808002018,0.5236703644367513,0.382061551250376
0.37028637427381594,0.47158800126712874,0.46283295263551416,0.631250003735131,0.35551375227907944,0.22225308421226764,0.45774044826060356,0.8993301413341737,0.11507946538407143,0.9424072720609027,0.9007953389495329,0.1698395243651647,0.7998566232428794,0.860059658670072,0.7992052713821973,0.8938868243470643,0.7965517657416503,0.556623324359206
0.08041898241199774,0.12947965631338088,0.6461866774590597,0.7370347498733798,0.41936453893366,0.2382321066614126,0.451702113401526,0.4116139859461221,0.32658110072037605,0.5594586546967653,0.540965335153093,0.4202284178246096,0.33224428229317504,0.39844907954040215,0.49648213821793963,0.6887000279625324,0.23004424154187042,0.05183451436420872
0.8877764665745914,0.7766046330652512,0.5575191399298638,0.22011032780966122,0.8982685794842842,0.9802241864159904,0.785412673771376,0.43209917555342303,0.730989549998375,0.4338076347405466,0.3889583348863386,0.846486515449296,0.40036953005934306,0.2594998358523645,0.3301256326317483,0.19751624505187126,0.5980999432110108,0.805291324224283
0.9038728061882245,0.9003423577568754,0.6111941032095278,0.5175337562003861,0.559523503610216,0.5129271378240858,0.5240054323295746,0.4107208519324801,0.6241788420655414,0.47889359190750835,0.459575177355666,0.5905224257637209,0.3885594034030164,0.3587044134544663,0.4627518221931055,0.463289595782195,0.7339743431554944,0.8005874727226225
0.667855228202087,0.6710189657925043,0.58894280980443,0.719473201695223,0.5006668113978126,0.46509802760529206,0.5980945373123547,0.4455536027348067,0.6648520656089612,0.5236399366723059,0.5378783506456151,0.4706588758134582,0.4083665949007522,0.44598219548856183,0.5095281739141186,0.5370882126917869,0.5753200598870152,0.5579217461224601
0.1767432051366763,0.18687556609281764,0.23785197709090466,0.6141618293537148,0.19952022067127828,0.1498839560882086,0.30742634889022336,0.08288299768810381,0.14124169604192804,0.11095364380350037,0.17602412492606234,0.37346853923363565,0.07572012078232893,0.31510911885756415,0.2797954566107612,0.40036786408985736,0.5240944063654924,0.3326924359478436
0.7285833344362095,0.6887166084791179,0.5379924138963097,0.6008564029512025,0.6954942295456854,0.5020948506254164,0.5818263484396589,0.5569421652773441,0.5759914176074408,0.6219137077970434,0.6269457416191382,0.605401983028961,0.4236547913477833,0.44979435567409837,0.4615262610068722,0.5472299893972532,0.6507974097559728,0.6953019193594319
0.3515189760092893,0.3694646654305469,0.6921749412173672,0.7433496586297563,0.5941752024839058,0.4073064671100073,0.5864990290219669,0.7337895563681822,0.5741463411209273,0.8264053506906606,0.8153776495659804,0.4501910731066838,0.6123469997548878,0.540913522513677,0.6827664940051035,0.675529342611149,0.30195294012010043,0.23581328597725038
0.7352796295205687,0.6881327310391114,0.5062170785487421,0.4169571680411637,0.6017632807166693,0.7727961586368508,0.7771563621331761,0.12958259116370785,0.7145741829771417,0.2138291048897536,0.184075896727538,0.6052562320114931,0.11569142971396373,0.1561931354212564,0.1302226788216032,0.13403043693790662,0.6389765653120236,0.744241370940451
0.46167348277852416,0.31246652916249906,0.13975588038263353,0.04530884604498775,0.407180304562172,0.3664037686062618,0.14920664023731023,0.12194851030147824,0.21069938062997817,0.07830712609386548,0.08406324457460213,0.4464308115729989,0.18498998912144304,0.18445552213780264,0.14385286647251672,0.0988263401515912,0.5926016028876584,0.7758068487811758
0.727639120381382,0.6792993207977889,0.49242366034029494,0.40236348681234313,0.5797250515529122,0.7592285705332436,0.759174089897352,0.13246159416635805,0.7023531384026684,0.20025358570723295,0.17297540451130855,0.6032778057399699,0.12672582228809925,0.16376059576808805,0.13416537604127887,0.1317720751872169,0.638930046954379,0.7441637161447328
0.7693303855009662,0.8171772316731132,0.5353324114846765,0.6258613320535624,0.5939168729772601,0.4304427294027091,0.5775863869621451,0.4965154352182065,0.43529488808846484,0.5718037612945921,0.5556603495221355,0.5552335195763074,0.3942564439266616,0.4392993281669307,0.4517597220211633,0.5759616512202177,0.7871857166706946,0.7398024996779808
0.8948187590975653,0.7845443377505941,0.5693544208099723,0.2315414448175277,0.9078318969860926,0.9923722640941883,0.8003575562279122,0.43546289977772035,0.7413297657200721,0.44051406449575725,0.39578488315984317,0.8464222410869995,0.40035358598831094,0.25950529299677,0.3302027264191685,0.19756894423414528,0.598056668636725,0.8052777553054833
0.36053082686641946,0.36158106403032164,0.5241828494667757,0.6498810996909721,0.5095265794043524,0.32240341797844563,0.47269101929671953,0.49165995910483307,0.4596992852099069,0.5565187517818084,0.5642126410885269,0.5116283806106192,0.425704263190831,0.4442946396788143,0.5329369692295964,0.5872864733211698,0.3770211075496466,0.30554433122803193
0.8181150065961397,0.8375703796601051,0.6047076480628064,0.59466081859909,0.5941077758119457,0.5141410153134145,0.6066186927169022,0.602638642587483,0.5909913117639447,0.6818850201099822,0.652223926851141,0.49444700561940946,0.5180356175945322,0.5043113993421255,0.5456108957770782,0.605429152676686,0.7519171446840371,0.7594665668729719
0.33482512954651444,0.3538760116220234,0.2717085804006647,0.6306167311713025,0.23069300816819283,0.2534384312047746,0.42260695922558833,0.22420376490993488,0.3516842426821607,0.23053824860486483,0.28281882148052473,0.3383752460613856,0.2655563967243969,0.42916089996568746,0.4129236962880325,0.4375848918115126,0.5397954478319524,0.40522775243484976
0.5025189451145796,0.4336352216632402,0.549495364258977,0.5270865988489004,0.6870111928371514,0.4336582752313918,0.47237966826299926,0.46486378438678744,0.5566625028326797,0.5281739528106149,0.5356685117533251,0.6980028024727052,0.35445137750097344,0.35188003421981345,0.4334730075968358,0.48329544710553174,0.3902182789900597,0.44468943366035396
0.2386227932010051,0.2848996473608256,0.5090040359636894,0.7341091187436115,0.2352106314163258,0.1870965285028765,0.3815805508605665,0.6864236887597583,0.2651367577728956,0.7285695933016061,0.7330885585761773,0.1636057225454004,0.7269855501095204,0.7461401789118294,0.8277668035971111,0.7839192073869272,0.4859370855298746,0.29859131228295066
0.7422756701003085,0.7580198727044132,0.6101785137397213,0.42520249401872157,0.6094956933358715,0.44569989629492257,0.4915349456952227,0.5644528222340495,0.8319661249138965,0.6167518313477305,0.5657568688672587,0.682445576695452,0.4905462566213967,0.39386122621330527,0.5281893614215569,0.5471632659771706,0.44071877824427963,0.481923028927568
0.6883585139420835,0.6627554322626605,0.24776325323455195,0.526024337840119,0.22736607395771147,0.3018860264411791,0.34685252179337933,0.3571202187117387,0.3263511503495966,0.3066996723187516,0.35620421439448857,0.2982190479190443,0.46622054246688416,0.528785109757947,0.549994293543806,0.4576700418940183,0.8584677880799838,0.8382342735240358
0.6418331865182866,0.4323164956130925,0.2977119941987252,0.00804637935498631,0.43805383872753656,0.6404932484598715,0.30374679366842905,0.11813739036505644,0.2977460413705244,0.07866708060241057,0.08365892599794189,0.4282196271531402,0.21821359838629983,0.1329343357153821,0.14589545071936327,0.02181312043704331,0.49881174158882846,0.7920487122423019
0.28611365428718394,0.2666434408626661,0.32056811436247035,0.4107860673858834,0.376025994266336,0.18658721953209145,0.2629547494463709,0.44860735693437837,0.3480158844605237,0.4373122626637629,0.4380684801734691,0.513988219327357,0.46611599994805997,0.45060423671158994,0.5609399386402858,0.5587812754324364,0.3443203566766466,0.2886595397848726
0.4990971787679991,0.4876085597737341,0.6967092468601557,0.7309120128948994,0.7047317459899902,0.49236984306402,0.6404843453845519,0.7487063020696019,0.7456416771853438,0.8241218579031233,0.8257790543544838,0.5510102639796906,0.5967761187031877,0.5069676069712488,0.6485220079562897,0.6125724886004453,0.31038568194573823,0.30932689169711414
0.4324689073290059,0.40470835109074876,0.6054855978774958,0.6176507835885201,0.48910786033877884,0.40157452142191374,0.4808304380205026,0.3743745297969966,0.556437170494056,0.45574070238475595,0.4550094757905516,0.5379199605834042,0.35537517995542056,0.3558518855718516,0.4793872282799949,0.4970279982570287,0.35836868503328434,0.35644015045393695
0.248409605499187,0.31182039563785446,0.3368854933750516,0.759218093159403,0.2925411980925332,0.35516597062735045,0.6029884513112189,0.23609688200381052,0.16058248981678114,0.2772208846597104,0.3284978591054517,0.2761054785775028,0.2379292111794875,0.4473354568507368,0.3627031073767286,0.40750507968316607,0.6297880360020003,0.4151544835650658
0.049245092134798774,0.14712409437014773,0.471428162383452,0.6192191053053944,0.30235108036388714,0.12069359731792328,0.3755805738680844,0.5119682022225162,0.1749032180883976,0.5982841933941381,0.5601407414885413,0.31593639679714736,0.466827699076928,0.5486178921551332,0.5797909481553511,0.7832093346933935,0.3326271181257052,0.07129448350818435
0.8930953358035348,0.7827221444568293,0.5666164654500778,0.22893013028378473,0.9055507378109298,0.9895948447738978,0.796766640036958,0.4346648052040939,0.7389081132404409,0.4389932828774026,0.39415514603424673,0.846455106366119,0.4003950780659731,0.25949222039842385,0.330204298872784,0.19751623608499513,0.5981639339400571,0.8052018059273047
0.9764874778886367,0.9496660333426865,0.6727196195571712,0.5148520354844242,0.5781293620528609,0.5766278142414243,0.5465178938964796,0.371989105733587,0.7305109701893815,0.451257077821799,0.43386872298084,0.6122865910054685,0.3608574979354118,0.31967391821796015,0.44363898900214815,0.415094288905798,0.7186846016616044,0.8273399507044026
0.21815813816529472,0.3772154520803015,0.3917248511665057,0.8040211537480255,0.19745134208360482,0.22487564460417886,0.5833881973914159,0.17735389781064015,0.21742581743806078,0.25797756506628966,0.273264566070736,0.2731882546723985,0.15576818102523682,0.44082754943309305,0.32320809714741516,0.543602637787757,0.5781695655044101,0.2558793404335149
0.7692777765158246,0.7135287404998527,0.5450692868329425,0.5602992067911261,0.758524716359245,0.5464002601682374,0.6001521981428604,0.447305526925566,0.6030442830875233,0.5211641056056078,0.5262130593725936,0.7119478675973123,0.3099642368145741,0.3534379810596678,0.3543259579234348,0.45880719848306484,0.6379169426824374,0.7162800648639065
0.39959004318836333,0.23497353306190494,0.3388272405563355,0.09868533880278951,0.30896173378005387,0.3271919300513275,0.035105213524520895,0.10379959332845712,0.16900565241009602,0.11572390735730376,0.10886453211577218,0.2961564503735876,0.21023167144182464,0.17856652776853482,0.19190622387031553,0.10916719756922011,0.5419955432405017,0.75245892133902
0.7387265421680188,0.7338520805236208,0.36031551523563676,0.6181903783833258,0.5086406009405724,0.5794704098878047,0.7192703979309925,0.24767689224426548,0.5818582732712589,0.2660736624648907,0.298927052956077,0.5126602387076247,0.2151068578049139,0.3444000257403706,0.24860458676683694,0.3027541166759218,0.763550873504889,0.7576897993603957
0.4332166518887769,0.2775166148979138,0.3104344499276248,0.06608929767233196,0.2381593714842738,0.3083039849494851,0.026725854237800828,0.12149631215623713,0.15341688410862053,0.11497029314193918,0.10287352028843166,0.23015826139652185,0.24969645342333457,0.2165992313603175,0.20056157487359982,0.12953514006896283,0.5781456240599432,0.7823803959190601
0.5738950543965765,0.6584447487143392,0.8163503220854764,0.7218699170436165,0.4375842456153738,0.35208659694488675,0.4791546706758165,0.6194243887718989,0.3044544639667883,0.7850932128745385,0.7313951900435263,0.32060366945884433,0.5444445602527104,0.5191206934235864,0.6523931410766033,0.7734022386099042,0.741131967799453,0.624612525181985
0.5004468428725019,0.6295393900498443,0.6085514764076256,0.6191854354076427,0.26288195197226294,0.27849624994523614,0.4711850665893764,0.8029548106948325,0.40682884999083324,0.8700175556760479,0.8035033983596742,0.15991270550562242,0.8243047427321502,0.7636917532430869,0.85410864168764,0.8497219037290644,0.6624985895482915,0.48688193344647823
0.5594836003997142,0.5347822641759981,0.5698731148797624,0.5482429880069111,0.5671838775454312,0.4294046009818988,0.49338357298569724,0.3821202238661313,0.6716686507931264,0.4422707093356637,0.4433752749412885,0.6480196332472488,0.3400585343446354,0.32525605009199215,0.4473006897494889,0.4510176118289617,0.382370035617555,0.4123059213124509
0.7881233069323287,0.665307159271527,0.5605257041521003,0.49565399065252436,0.9598650282831709,0.7555291717686159,0.7545457157440243,0.5887698433177087,0.6777358058901446,0.6457971243114979,0.647452606769193,0.7414337741936576,0.41267382932752583,0.39135076117170337,0.37482648371535277,0.4096757032023399,0.6168458331288693,0.7869943146931675
0.25549257430479877,0.22573567770459024,0.44071142829799914,0.5045584055535586,0.41774019378319305,0.27462584386362154,0.35767844013132866,0.3209786744854609,0.40380973181681945,0.3570783761597798,0.36350075713337215,0.5573607555743245,0.3133615233342305,0.34866998527397136,0.4409070572225031,0.48612203181345026,0.27852828219418657,0.23668818785238854
0.1567867522457661,0.2952118262619001,0.4501019764504557,0.5997422097628555,0.12468769057605567,0.059630803079479655,0.30812479139566884,0.5351987625402235,0.06148515711788516,0.5989301810332286,0.5506249530058303,0.1459203299129006,0.5823961686207269,0.6945019319848607,0.6948363587235424,0.8514844095726342,0.5771632152512909,0.26087493738750966
0.4387776908784716,0.5012620546770163,0.41341771393802595,0.8445475903396273,0.4340558323025985,0.510967098138682,0.7823336524647178,0.4204815229668637,0.3433404766137289,0.47747485424893754,0.5162647763229484,0.2833117489407322,0.39162070180287634,0.5577515120924024,0.45345366744697757,0.49022912280934894,0.7319596939079804,0.5690589373249324
0.1426496825397009,0.1200223574526591,0.28280791588543197,0.5647545264964933,0.3101986168775872,0.1888360902277868,0.3148097936285277,0.15484195390831634,0.18671457734689278,0.18693115793779191,0.23443779275445942,0.46098433625162283,0.14226780902578418,0.31209929365457806,0.3179638824930733,0.4155206698407954,0.38898292540808144,0.2543569542731212
0.6233575629092519,0.7616763546946026,0.5885781760089861,0.45934933130108657,0.13446551067310186,0.13607366399035925,0.22175703591211882,0.8108131200497017,0.18148701298064296,0.8502503481965704,0.7698242731529281,0.10293862262006526,0.9185421831721483,0.7695551995433325,0.9554856132203051,0.8950417856660626,0.8994882625003215,0.7264213096643011
0.6784662915766778,0.5584827387077242,0.6266493026791591,0.5273057021685195,0.7039891976838224,0.7428183517080464,0.6193329503452993,0.22225570964849017,0.6804805211694989,0.29338439559469287,0.2937552092522593,0.8155199924854537,0.1808256531567991,0.1738918873926864,0.28916952738409085,0.21705205252789206,0.40975122057038504,0.5553264028754361
0.5590912813104701,0.3966377954790201,0.2698986967824579,0.14431776843931932,0.36036443649391425,0.4127906934242698,0.16830098195991328,0.0877963143354028,0.30749367115601656,0.09006820867811216,0.10578314494139529,0.2788613067440624,0.15438597787366803,0.1404926092208068,0.09557600858652582,0.02995725420284201,0.6583254431942966,0.8873137261552175
0.37538516287687773,0.32574169036875644,0.40739629543702405,0.5419195372724483,0.4705790312884599,0.2514184470396099,0.3263404530216034,0.4477387643816182,0.4321743362363497,0.4675574958669526,0.4958062837333661,0.5532240464067268,0.4066822015583922,0.42674956359417154,0.5230777361210057,0.548548467066905,0.38196966644302366,0.3552827526695099
0.722016743647243,0.7432379586510143,0.5985142103115941,0.82135757728327,0.5035729081827707,0.7170283338355894,0.8899133281149827,0.3427996178546705,0.7375903597667102,0.42399171201807473,0.4512399413806374,0.3578863672523753,0.35543089179665643,0.39644525018607474,0.412449484993747,0.33658140384161994,0.6599242030565,0.6499916583108272
0.7847523323888467,0.74417649020178,0.3623888907860233,0.4627033475987101,0.6974273731764888,0.5120830985002671,0.5691879934701372,0.8310093476937404,0.39668312963161956,0.7967524024192898,0.7946929611773528,0.5041390357713584,0.7073623625954297,0.6246217983888422,0.6438172818241172,0.5928374414695232,0.827484982796151,0.8888379036934069
0.7837916239421762,0.6665592053228562,0.5863332091880777,0.3748167499395505,0.7772385733154021,0.8643113109039033,0.7109617664095476,0.2730708799538798,0.7034670402344596,0.31027894693536995,0.2914292397028093,0.80430377870555,0.24669109608466533,0.19534442631962817,0.25953275692885236,0.17713924740198395,0.4878318550677494,0.6676059484203938
0.4519131883130708,0.3893945561885035,0.4107854264923989,0.4682955497796719,0.5767486278370451,0.37197932942623524,0.42378883909162246,0.3964123016778154,0.5366090139013329,0.40306565912838943,0.4063930482419502,0.6810920752876044,0.3495707669220389,0.35424505386983446,0.4036753526944592,0.4405671364883357,0.3671306155319318,0.39887504918099714
0.24773359273516327,0.24596408540489412,0.4907691427398202,0.5515323482227661,0.38413588523649866,0.23062001878593819,0.3385805236273134,0.500077412376328,0.4046113351884686,0.543470097688008,0.538824420528691,0.4432182579653654,0.5028718476181595,0.471404456664903,0.6221843999627326,0.6180808762472998,0.2896433815198163,0.21331746411395747
0.3939869050730006,0.34140032681631083,0.4154295553303049,0.5039882888972214,0.5412797614452944,0.32938722756464456,0.3976268608653206,0.3904401837217757,0.44870173055854057,0.4143925054833342,0.43545415749058036,0.6271754433145587,0.343783182829984,0.3612781078564736,0.44407741325110894,0.4658169767369058,0.3698758695736193,0.36985774726249443
0.4080590142053361,0.46166359844268956,0.6056472580356358,0.8332135808218748,0.422168794702489,0.4212880277616149,0.6442933122810763,0.8029084627589553,0.3115593375139172,0.8889573873452814,0.8835150705928769,0.17619180222538655,0.7369124359000052,0.7859215029955822,0.7692531010510693,0.7787067322230987,0.703324499197661,0.5478145234974909
0.17086034817322748,0.26142462290402757,0.7178886103400486,0.7752119688368229,0.3515206625523575,0.2410358798329031,0.47349515532903386,0.7133688900025319,0.30489732891960575,0.8444518845244031,0.8053825152013796,0.2247744744945246,0.651363763057401,0.6408877447900125,0.7560543603362126,0.837871296566729,0.3741373884939825,0.16743716852990276
0.4431651949746439,0.42509736572153,0.39464214388575947,0.4861565085925639,0.47620628539875454,0.2923977562723361,0.37534959304295823,0.4133074697824318,0.4056269098464118,0.43037179491629773,0.43757784407696776,0.5727390487772446,0.3877576329580006,0.39995757836258744,0.4810398960622728,0.5096851605866388,0.45888136770600263,0.4310078196444558
0.6583213395036093,0.6773378740114337,0.6163285446468394,0.36692136046537627,0.6305635048788865,0.47579029550858554,0.5135053125503299,0.5686150567537607,0.7381999503501597,0.6402838683270293,0.5648493721841983,0.6676062614983913,0.49027058113553346,0.39411662230230066,0.5063032098798796,0.5561145156553833,0.443262001979998,0.47758743533446246
0.3398003700616682,0.281568639318613,0.36648356604285093,0.6759511223148449,0.4743677967258979,0.29919081800681235,0.43168579371346905,0.8620769531724093,0.2960286476106764,0.8384297744848739,0.8819731472312471,0.2947253307644304,0.7867480592271858,0.7608489698532526,0.8100128351530724,0.7146670102990142,0.5354549746630293,0.4598912647963884
0.1257167328553367,0.24470718789662316,0.6564149091818954,0.7345954184176313,0.08108641348668488,0.11845661806888064,0.3144462797468295,0.07400521482377698,0.0980321175603307,0.25095276945683853,0.22447588841854915,0.2278314597324842,0.07735209787402586,0.2505647498624301,0.36362163454317575,0.64297658935737,0.4904702503872842,0.21433630861600705
0.2316128169670485,0.2860581563762772,0.5086645642096372,0.6338662342418866,0.4134683832386019,0.2358052067231653,0.440272469600564,0.4731176172165483,0.38536854016306865,0.5557378600993008,0.5368255305614225,0.4446128499262336,0.4151134703937782,0.46230316119160314,0.5301126714546971,0.6682152602487264,0.33773958722325603,0.18474901082044148
0.5094889046548087,0.4375408980984947,0.3873393840147785,0.6772568525191662,0.5331170183764347,0.3687209676097165,0.4680239429296047,0.7026255431671153,0.39569269273908914,0.701849626080459,0.7542433857328819,0.3920661156841323,0.6219656519799968,0.6443719448742005,0.6645766299797642,0.6360674364604395,0.6269599080327761,0.6135392740681271
0.45374125975251134,0.5379964769210512,0.7579414216793978,0.7488910558846649,0.40662879249003736,0.38329064680938885,0.5655160603704057,0.6609998102059627,0.5024754654402384,0.7976724846470338,0.7514246532780176,0.2850367801888256,0.6178568998817648,0.5885506550603017,0.7054466000626416,0.7605812850197282,0.5246033793678289,0.4013703812905909
0.18028629612605862,0.2230464706137949,0.49682055493861155,0.6279446477328432,0.26253623359853107,0.15030538467208876,0.30857783752988643,0.543063479619935,0.15210125388518536,0.6154692428614728,0.6006648621293391,0.25385999573822526,0.5497960186470281,0.6089205509051532,0.671649519305261,0.763127826997712,0.4891308713063738,0.2979474239052273
0.14296288644361732,0.13309051052557352,0.20669261803185224,0.4381144154848524,0.2828639721645796,0.05054761963034338,0.17927607849370863,0.6469029402253013,0.20005425445077574,0.608088764775194,0.6142592108379885,0.3395275099712116,0.6457976185059318,0.6817157962506193,0.7080477766656457,0.7476443196013949,0.38700465882075896,0.2355292216165925
0.7649944351793215,0.7370331539817983,0.4721946741289651,0.3049210718039759,0.7753813893121897,0.5224632817921746,0.5542194467606403,0.29789917542690403,0.8570132144610851,0.3299388973519253,0.2918891314220746,0.9965335070045269,0.1889170662437223,0.20151266061459877,0.2051587275723863,0.3052923201722746,0.39552731102097294,0.49148367262575854
0.6847214586529938,0.7314174031747704,0.5225764217699371,0.5023934413292577,0.5177336977910658,0.3865318951242491,0.511410260378439,0.6396569724432528,0.6740619157896548,0.6854981685762793,0.6392125962758519,0.5122716207671987,0.5665253673679045,0.5219168567543178,0.5889104372108309,0.6561658060333295,0.5631259122156835,0.5274214797617929
0.36419670717171126,0.42982681112546195,0.131007556238377,0.3889061251080155,0.06327467822596877,0.04999472266621252,0.19059379597450432,0.1832546470518691,0.14418288981642036,0.15281815836593737,0.14858802346647848,0.3259667420476551,0.2685303359256622,0.4438675808406621,0.40312565977728676,0.5306341104974941,0.6769406444301309,0.4844213668103501
0.5391393825975096,0.5358299314557962,0.21065295093413683,0.6274382398363016,0.20626601639320485,0.2641288211636734,0.39828806194229305,0.28163457995686947,0.30418741641409053,0.24487752463299328,0.3043372693758608,0.29559560862921774,0.35000284631485523,0.5094472804325072,0.45633978054797386,0.44721383027856776,0.7763340807571637,0.675205573755798
0.2736045589658297,0.3849944929311053,0.4428490611160196,0.652017081935194,0.22965629940342924,0.10424823537334493,0.35614443052935973,0.6987391114428358,0.22889898534012199,0.739198575070221,0.7104570682132549,0.19561208852010137,0.6857993535430207,0.7494758366688803,0.7652504992003291,0.8597583897504115,0.5616329726741462,0.30406406331255953
0.34432980604769925,0.48456910360127536,0.4635723117606734,0.5548417852281609,0.17818848133770215,0.11526988134501037,0.33470964129583747,0.9021275247539939,0.029310514965938506,0.9277123170754444,0.8645641481391113,0.05431014691046343,0.9100735619915583,0.9347183334480398,0.9169991511277202,0.949699957216732,0.8306445995660574,0.542020587933326
0.7640505245729808,0.7359388997326852,0.4704021233372142,0.30311466650180874,0.7739975559804273,0.5209185309876929,0.5523139090885381,0.29742574468648875,0.8553658193785929,0.32897763581867046,0.29092101182462504,0.9965194931662105,0.18885175265022414,0.2014900100669858,0.20511046224890483,0.30532461024352653,0.3956597921690179,0.49167557976538734
0.3297275847167188,0.3498364673204686,0.7096413054231596,0.77203800185961,0.5960099760879893,0.39687532848185425,0.587560915020156,0.7212644309941849,0.5867736988746088,0.8242547360508576,0.8160402258527837,0.4550368847489066,0.5894746164865188,0.5293370398045298,0.6714088962598792,0.6828434048479659,0.27628550444649913,0.200584126251675
0.4619010656142081,0.3128303528136862,0.14011127651477828,0.045764194281090465,0.40748486556567864,0.3667981327691252,0.15007496060891246,0.12206312228584082,0.21100908274392305,0.07854602724854387,0.0843525424282936,0.4464351118353864,0.18501561944650702,0.18449652258053556,0.14392387768332493,0.09887616472839555,0.5926871023756657,0.7758280793641679
0.08646237856121763,0.16725642854357492,0.42255902548952484,0.6061761789324147,0.2809661535621917,0.1234360898254403,0.35968270636624267,0.567905355349712,0.15450664613769538,0.6239522531793618,0.5970634598708697,0.27637372137835925,0.5475544218359709,0.6298551653093682,0.6433673414465755,0.7810051982803048,0.39638103718570017,0.14852799124144478
0.545251709660976,0.45160050068825663,0.48747201342028257,0.5643615792549879,0.6126482624502956,0.37627275681967953,0.39786651488919,0.22960274120800295,0.5524912213262447,0.2846663591839056,0.33774868920209467,0.756943561585359,0.14176016695106308,0.22438905375356782,0.2965418294316253,0.36170931138762374,0.41290646976734324,0.4737411674502807
0.3052277115551968,0.401015797092688,0.5251441727531017,0.781918090527407,0.3931831633048877,0.3004323060716252,0.585375407481453,0.8447959632231026,0.1959787209577133,0.9124915363605541,0.891666019052336,0.17407610449078903,0.74507006058056,0.8346938970436317,0.769544817787196,0.8457781752958295,0.6825812700732412,0.439679066906399
0.40775398453919165,0.46891949156015467,0.2865508248660613,0.5862829993947325,0.3663329768178636,0.21374610364064317,0.4352430355285941,0.8980107491160891,0.12876535211836648,0.8767282012095132,0.8646505976276013,0.20451101116495995,0.8123775944596694,0.885035504011745,0.7920461959291276,0.8406614303571365,0.8247942716241219,0.6205666152316578
0.1998657163264349,0.17736487523113542,0.40729886325463927,0.8328513424154789,0.7015129543665923,0.43976472576359393,0.7289952145836138,0.8864635533399836,0.3562220025430678,0.9060766264365621,0.9481644398889748,0.3919581321455756,0.6702309328695779,0.7245360277035999,0.6685474448675626,0.6870792913222872,0.3957722566224311,0.24838664434340352
0.6840533393806346,0.5646270235937381,0.6375359993459351,0.5387056042811427,0.7332783987341831,0.7528350558156198,0.6323108506383277,0.23563338166756165,0.6895512267303947,0.30681962114475025,0.3104003034293181,0.8343874812995915,0.18400277487514127,0.17606828596090668,0.29230313740345926,0.21688419624982114,0.4096008843606562,0.555448700904009
0.34043292445511797,0.559462853911542,0.6799093699737502,0.5381024391149611,0.1766935360896691,0.15221754306499946,0.3915964090977755,0.8433837288297414,0.2732691336950146,0.9249213713374782,0.8077526184067372,0.10440802765536472,0.8904192064487018,0.7382782542201107,0.9277232668478663,0.9336668653637255,0.5381524102851933,0.275451444392941
0.8268244532383687,0.701329356622792,0.5780657130759246,0.27253948548083473,0.8203362180189868,0.9624683631870825,0.7644501243142021,0.48143141842301473,0.693380381797772,0.4889042099325718,0.45675743566266136,0.7158460627314194,0.48582237739632794,0.31139406216537374,0.42623802154828194,0.24974831488422922,0.5348989571694889,0.7507146851770896
0.755320353673001,0.7471685432106572,0.5793586982251133,0.6001593035729815,0.7098051106687671,0.5425878707902272,0.635957492785665,0.4693178202153331,0.47765816247357273,0.5727150681330413,0.5555456620246897,0.6158232493513529,0.33599425224501545,0.39412085002453073,0.3778205354336437,0.5217172560450263,0.7549190849283318,0.7751232367075036
0.1988379897453615,0.1862640521288268,0.20108946185180843,0.5871955861329594,0.2449038117026927,0.15264640525521012,0.29858698844384435,0.20599890278554245,0.15606201086131666,0.2037334858129487,0.2690550372240119,0.38119761400451635,0.2185816830204046,0.41462118168091927,0.38411196989843455,0.4590606530982422,0.5163865614303982,0.3495747895286183
0.44591305075211196,0.30276251484755745,0.19395328839590364,0.025363971016461484,0.3499612182335625,0.3376079331152404,0.10023025447561373,0.11879844263275907,0.18888393800108494,0.09501171379362039,0.08168986045744964,0.3690745249613292,0.20134220896745958,0.19280288583905297,0.14922031220507725,0.11389964860143631,0.6059982269223638,0.7894828009785573
0.25139205957319366,0.2920678928622442,0.4970608847284326,0.7496058550145337,0.358911555827105,0.19562248440230068,0.41073137930812154,0.450266555992215,0.27443009607464486,0.5401206999391752,0.5533248254839558,0.35913072009673974,0.39136768203107186,0.517365078080263,0.5379240788635942,0.7037297065345458,0.4821623065795828,0.29017376920069093
0.8537560519640962,0.8169929143737447,0.0,0.21131118205096655,0.5066081758682393,0.31647925774999663,0.34682223229270903,0.24259795362532544,0.29483915112336767,0.14277359236370746,0.1593105517411446,0.7610651178953483,0.2086886059523131,0.31701393999067845,0.18127363829639354,0.3073021140507921,0.9461959141509964,0.9934702292579942
0.3779067962751631,0.39000548229108856,0.27344719483115787,0.5874627733771289,0.39707756465839883,0.33387621818149915,0.49709372732675394,0.4042478462441068,0.22529931761628896,0.4225402363530246,0.4441481890998056,0.3654086987047165,0.39377182314088777,0.5297571065380928,0.4551264726466957,0.5252712420341781,0.6838068608388552,0.5614204670380474
0.27066585306176416,0.2621275385611974,0.44617715355454335,0.6763075244847876,0.43359139890193954,0.4834413078277717,0.6319943103885723,0.23093803847062955,0.4383766676357497,0.3043046835865304,0.34409968459873785,0.4092890083636611,0.2283921806917124,0.3315895132313847,0.3517154790815016,0.34480666011319605,0.394220621537402,0.33548999113792144
0.21392281455166484,0.3032493685598774,0.6008072773822284,0.825243961694504,0.43432174547691127,0.327550552576096,0.6201089574269862,0.8381277479123592,0.21917749005057985,0.9364681708778566,0.913698013155428,0.19063205161729768,0.7158396237899098,0.796797491905529,0.7524740121941362,0.8425932162678396,0.5641741585783853,0.32481847044525547
0.285536931535625,0.2551563932092342,0.3398227082600216,0.5067985272171378,0.35595308261100445,0.16102942968599665,0.24607270672215042,0.4809628688204032,0.2546539816648581,0.49082189148824806,0.5082787593900038,0.43126077309026356,0.47310327423701426,0.515245108187391,0.5834477473602662,0.6312115629893209,0.4569799078136867,0.3718197089948936
0.0807206660425267,0.15188507634324666,0.5576486552726907,0.6617234337738211,0.2783293794682429,0.158208207598741,0.36744978521894467,0.4607897573308697,0.30861266283282873,0.5591647729353508,0.5339137549145974,0.3207110291446129,0.4567141852746015,0.49252202398266004,0.6111462056922514,0.7292742346644392,0.24833906226618185,0.04891112309716239
0.6764124340660232,0.6907156330991562,0.5479559774922542,0.529008933610025,0.48688942707151095,0.36085899156198886,0.42970806590255783,0.67569667837171,0.5617741256884656,0.713491103140069,0.6898036121767492,0.45498180192542725,0.6287786544495373,0.5515195746757597,0.6715263205109587,0.6619799206749108,0.60962530235889,0.6046172070636611
0.3075410888540254,0.329948264897169,0.21220571334534544,0.6447588948752165,0.30519092712457696,0.3323179682508992,0.5308573547569413,0.24203658802051697,0.21393804361771807,0.23354964737859563,0.2948362597694052,0.3285741400898614,0.26021261928411077,0.4304326719158899,0.3647318358233702,0.36010271860589604,0.608642846807222,0.4521916831460664
0.08540737739402549,0.15060923264677828,0.32571242318327975,0.5452390066964354,0.16929180755829587,0.03025045157992956,0.2254392381913628,0.5109444478023683,0.07360689021332956,0.5440264512123945,0.5271534678634802,0.22249727909643635,0.5334487196384115,0.6692962822690762,0.6471681671408915,0.8067037288735877,0.488283791816428,0.22333410299473977
0.2812098782472109,0.2989406339101708,0.35795978233847503,0.5478855547371659,0.30754015593990935,0.1476776797077588,0.2914407464033064,0.594022115556105,0.2809147440648725,0.5964149023313823,0.59901161967022,0.3403773444614806,0.6040179101253236,0.6177117854018359,0.6924417625034471,0.7055004786472305,0.4579157019626656,0.32301993345917923
0.6598891960764967,0.5964746359156148,0.4762601550596308,0.5500434472811753,0.7192246425474578,0.45126731588290836,0.5260376803703775,0.5182640176262195,0.6783132436291166,0.5525114906132365,0.5722611726278339,0.7147431747191761,0.37809426179570615,0.4000544481089318,0.4235765423272073,0.4999703398098292,0.4802174060156883,0.539716994504345
0.2894630787601541,0.32649739234338826,0.43221635518149526,0.7092236082739141,0.3886893002347722,0.24772583991312125,0.4676820314091392,0.7830836652379589,0.24336976496299423,0.8137397081617908,0.8179054314483105,0.2423939254126013,0.7113538004712145,0.771024172043961,0.7538989059295007,0.7900552673344994,0.5807627023659896,0.3992750812605794
0.43247410050216717,0.5065325283397637,0.4185496135498812,0.7798115792886398,0.5447610969524825,0.541987328757584,0.8486180406347477,0.6078341830862972,0.4401036118127397,0.6157096611522366,0.6277677428988566,0.36608746693544725,0.5699997874985725,0.5932223799001195,0.5820575140451902,0.5120078625135851,0.535416417594947,0.40498883066975755
0.22046809501814624,0.3805724449086869,0.3974263602723349,0.8107804980768489,0.20102712928981115,0.2298542037679776,0.5906011742013497,0.1786059880968942,0.22165576584429791,0.2610557143477803,0.27655696434755295,0.2731843881384446,0.15579493285807722,0.44087448894238496,0.3232453553106387,0.5435872013947833,0.5781903079158377,0.25585363505422754
0.34387044772149056,0.28665761681882707,0.37554216001959073,0.6867653459993384,0.4808713959246027,0.3069003074777954,0.4429741797561966,0.8660732457043092,0.3031326151344187,0.845069029981808,0.889061539465906,0.2947708288615811,0.7866497486744679,0.760843208899258,0.8099384162779977,0.7147001249433307,0.5356645438171521,0.459823840475176
0.32181699087557003,0.38282694221136393,0.3146779012439658,0.3934159114679283,0.20964422987978537,0.09563672041524018,0.2092404640954748,0.616915304267247,0.05064058960983431,0.6130662226331469,0.5717139049398567,0.24768332155721118,0.6750193775218969,0.6888285306432551,0.7241446057975103,0.7753192016979074,0.7030789449005062,0.5242848918219991
0.21833469136032224,0.3773180651733252,0.3917214649120475,0.8040899136917403,0.19753501383231575,0.22490266403981796,0.5838188219990545,0.17732893117185278,0.21748303682226222,0.2580727926504751,0.2733264723093807,0.27308179543334754,0.15573050141044165,0.4407596923527258,0.3231906830430298,0.5435900294918596,0.5781164944857837,0.2559638962805957
0.1777513053069425,0.17965403701366478,0.38620245590201874,0.5144308490953851,0.2645221045604482,0.1696355217204566,0.27478857633498377,0.6977553335009681,0.11278800607644657,0.7083131341017295,0.6966829303604269,0.2095860168889554,0.7402754581576694,0.7339888223230664,0.7934303579325559,0.7645834310520412,0.518469571278463,0.37745224983847003
0.3927985446250265,0.5421540112590473,0.6012055800036813,0.45056748226484755,0.15481815269298616,0.1030639696473612,0.23336658077446382,0.715063003703414,0.2230047272140565,0.7802149606187483,0.6874235032997582,0.16898265196780882,0.794906946637709,0.6531914312048335,0.8660879884945683,0.8804546626157201,0.6078954703533832,0.40634364600669337
0.38315046279208687,0.457015398314782,0.4578514566429859,0.6610440247538536,0.3868031486207004,0.22228809495405422,0.443644769069393,0.9121057375468138,0.12768472377102258,0.9476001903515325,0.9241980395095113,0.194935405356355,0.7965151807892696,0.8468627601844598,0.8036611002361096,0.8760664220240777,0.7779605132837653,0.5649977736185887
0.37603153828912206,0.3279537245537081,0.47666055352186376,0.5300440613626769,0.587305083309795,0.3416927005957273,0.4164003311836266,0.49117508827304956,0.4215595574846698,0.53875418752985,0.5460711392001276,0.6029169037211821,0.40623289952958985,0.41044125208067556,0.4891242091881711,0.541382215501268,0.38179930384270366,0.37417559312837145
0.23300297405602255,0.2201229273762655,0.299945223301223,0.7507851831916379,0.5778329054585798,0.3783999696865492,0.6487717052192781,1.0,0.3581040607733659,0.9628619367410327,1.0,0.2908023849156771,0.8277374346167561,0.8445290959736027,0.7966951525200159,0.7392057305008142,0.4593771745706605,0.3119702547412353
0.7316026113380051,0.6318958941787183,0.5965864638021339,0.36046229194476487,0.8749110651646099,0.8935625147876944,0.766333813972333,0.3200224220962944,0.7432821681535571,0.3783640851563794,0.3425143457194355,0.8915231269050861,0.25197526894550415,0.1986734571070124,0.26434404579484583,0.1983743911864404,0.4607414978475255,0.6135343918923937
0.4950360483349906,0.4912287421701076,0.43394500962978766,0.6482780856570405,0.5807373238083915,0.42411364677719865,0.581520735304458,0.7213509738985135,0.27733469268248623,0.7523427173059838,0.7588451295063101,0.3933301995218661,0.612058399761573,0.6419108583667925,0.6201369102698644,0.6546145730695119,0.7133258767741386,0.6413264811058959
0.18364286509578231,0.24439568179523175,0.568998566151063,0.6640109193179291,0.31300688444878677,0.17963840399266795,0.3646015529200488,0.5413821886394308,0.23428018516635962,0.6413874163913469,0.6159441578439209,0.29644343821403774,0.5137111580051568,0.5555465555911974,0.6414734551164569,0.7667559815841842,0.42103963490355834,0.23013213481048322
0.16636604062487714,0.1649294613654546,0.28182552844843256,0.4410142392027727,0.26059377043635257,0.09152716535463279,0.19190034312379334,0.5075954851977715,0.0815278372375614,0.5084567929633121,0.5042706373545225,0.33076130405465376,0.5356464346133147,0.5950909947449341,0.6280008122421741,0.6969283893508718,0.49519657884126733,0.3433015972726794
0.1280808935988892,0.18225300627708219,0.6202148714750151,0.7347140490281969,0.4171170059267355,0.23631044109768595,0.45587397487415027,0.43875131606187123,0.3228913434553302,0.574578712016123,0.5577692912355001,0.4100670984103887,0.35906275147269806,0.4290780083183883,0.511173478707124,0.6987352314173338,0.2887870930897136,0.10644450667639549
0.789064977121778,0.764640107471827,0.5497766496824834,0.5483163534690219,0.6221546099600761,0.4735654900759796,0.5180814973089545,0.422901253205628,0.6057434775548347,0.47762611287534673,0.48107002265260745,0.6527240597750354,0.3534883279027139,0.35553483598088237,0.42989625397380316,0.46241969182706866,0.6314130654989418,0.6886562857248482
0.717401375169684,0.6402439675125624,0.45239966568522627,0.554728722148774,0.5590687279792019,0.5948278739719561,0.6149901944354461,0.20369193319281476,0.5813259289319466,0.2405596139975157,0.28205074781095774,0.6126214660777067,0.17962114079480884,0.24550158440997633,0.2634648981240775,0.2601616341966373,0.6338756790569711,0.7234547687395674
0.7657685727964031,0.7377584282639948,0.47342632576628896,0.3063149989474301,0.77636358625225,0.523397522970507,0.5560405788177722,0.2981453860420138,0.8582169639213979,0.3306516633857748,0.292618211935334,0.9964263598039078,0.1888219455633381,0.20148119297433692,0.20507576836704633,0.3053717640075688,0.39544890932018295,0.49158206671135884
0.7335114017531971,0.6859317939820477,0.5026252456283045,0.4131939044460129,0.5991591068510471,0.7692856800691295,0.7724227670025114,0.12898431346296524,0.7114624980068798,0.2120708127617501,0.18223878364106683,0.6053242065569286,0.11583048087147663,0.15623343264017792,0.13032218234752913,0.1339745828500436,0.6389042877896143,0.7441829885990026
0.39695162121450045,0.2320872546026107,0.33337382372567426,0.09322785057094052,0.30110533663121886,0.3221696389525781,0.028977895067644255,0.07737258397625735,0.16488242900801708,0.10983673693644103,0.09324482838339865,0.28351435133134584,0.17566571052703905,0.15512600980209063,0.16082504889885163,0.10054854460316887,0.5419326252476833,0.7524018318864614
0.732760611533375,0.6852470003870688,0.5017667763666633,0.4120249097963815,0.5984421544531087,0.7686757874786627,0.7712893980062483,0.12875593572432098,0.7106310731863967,0.21159356867833656,0.18177967791977512,0.6052770165563062,0.11575894568312983,0.1562154599052658,0.13031212429940298,0.13399744712580186,0.638749660093991,0.7440829534694067
0.3953747476358783,0.3375638112199453,0.6147699516568021,0.56665322992309,0.692379023776241,0.4079442120468415,0.476381833126736,0.7349965605224498,0.7384461102484003,0.7664074246382062,0.770784214592799,0.6359112251101378,0.6071615690400132,0.4673896504644863,0.6598153065226047,0.5723212890380309,0.16300816449166655,0.20294249388863572
0.1932902673257052,0.28708259824660987,0.5119159123162902,0.7603648815671677,0.17504005982519155,0.12283963535797593,0.37212967204491143,0.7359894199650598,0.1378921367833983,0.7940344798016128,0.7816945512619307,0.07863193910400446,0.7557935561129956,0.8529154994898267,0.8480740350823632,0.8864432879039623,0.5909801617409307,0.3102383727465352
0.2679451249397994,0.2921382079871133,0.7467772879148611,0.8388157609134472,0.4810255830807224,0.3530060769220591,0.5456169091821916,0.7407802915505508,0.5243061574951531,0.8533983575312696,0.8514390636904725,0.3268570648918807,0.6557716875846413,0.5965979931644949,0.7611311672246437,0.736533428100985,0.2872751619503029,0.1807440316044937
0.509331508353788,0.5729222115710342,0.45748612780393794,0.6207850474994658,0.13818431154440058,0.2172274219002679,0.34349738432752597,0.248982507445202,0.2645145579756396,0.32580498159144455,0.32078786393420256,0.24310554280800112,0.3140981069999941,0.4711535796047133,0.4839448414680061,0.6032035723178315,0.7878842747980885,0.6323973178879152
0.17143902567657177,0.23532829019626034,0.5364189169896938,0.7146388185093491,0.5493677038607803,0.5069731041806205,0.7674967970571598,0.4226237237735613,0.4593906649373616,0.5282881448581604,0.5083137145295351,0.44266007644224525,0.35783288211238795,0.44622612711044857,0.41878834853986535,0.5161267810461958,0.3055578652235673,0.18180510962048602
0.3650936461173043,0.3247910629518034,0.37332379347841194,0.576590792139605,0.4234413633036922,0.2166247724329895,0.31645799336132807,0.5730762793019084,0.4009886261234068,0.5712683989906755,0.6035145630245209,0.45051169484136877,0.5425092661507522,0.5473267886323889,0.6381272219484608,0.6274583917443586,0.4231241044386227,0.36723311500739686
0.3234413961871835,0.3831813208747967,0.4676295902208105,0.6840691314384411,0.3205192167400517,0.18605191613707772,0.39232787993681306,0.48063077041765434,0.29341570872349365,0.550427914285271,0.5484450254532753,0.340124979562187,0.4488087564816652,0.5482441875263868,0.5758786472218782,0.7165972323293164,0.5364662965600819,0.350824394145401
0.2134581314374172,0.30225063777156636,0.5988910749168066,0.823201919395312,0.43314543976264663,0.3259799260534688,0.6178548182441523,0.8373891225152132,0.21787580397042072,0.9350863855180405,0.9123125102730678,0.19067335872780955,0.7158692505484117,0.7967867386839662,0.7524616229805665,0.8425507738681124,0.5640365482043157,0.3250572089707302
0.6291120671540725,0.5934041404543124,0.5565978884084086,0.4259466926130395,0.5919830051952208,0.4786448314952918,0.4859433904803656,0.2863766950123342,0.6592714994170845,0.35197352382716196,0.3323087956036932,0.7246469739263068,0.24962557276058517,0.24831538991623364,0.3423234912972828,0.36973066651739095,0.4409027039148923,0.5127537609410175
0.8074874426258575,0.6228838114641226,0.3257658113411117,0.003582566887399441,0.5388417386398994,0.7163159338707423,0.3890759570128517,0.15933118605058783,0.3171346685087908,0.11615123016436879,0.11264979284026988,0.5036143117485903,0.23508929424429392,0.1481005652421959,0.13672211101996012,0.03264373850727753,0.6770938934987514,0.979854949617545
0.32475812856998754,0.4222751124197941,0.376897721586817,0.4215035157541456,0.20983785911354236,0.10803762573915066,0.25750782143420325,0.7101012137567861,0.01465707435942809,0.7230945272523293,0.6625547610918114,0.1881372863123123,0.7504558113538182,0.7564954634651988,0.7784498067237808,0.8405595433110369,0.7583947085953355,0.5373651532527133
0.5568686934676749,0.5434053285027753,0.4502617578573571,0.5939041876750766,0.5285258157119646,0.355595620231266,0.4633537399348153,0.4585161606716438,0.4078287477907412,0.5042483745193376,0.5180799250976207,0.5337137352212986,0.391237041152235,0.44335058357595675,0.47499979855643915,0.5510897971010711,0.6100850426252491,0.5779149637058949
0.2202818716133922,0.38009975974599164,0.39682020348293934,0.8102101515403635,0.20063445499460686,0.2292194636822531,0.590200453146418,0.17847326700930655,0.22123380600857967,0.2607905474203722,0.2761981461079144,0.27310579171853533,0.15577141332058342,0.44090079569197266,0.32319404682579767,0.5436084793200002,0.5781649186876783,0.25593022899891205
0.09506470253148913,0.24781991177919216,0.5144764487262217,0.6405556010174402,0.09806134110728992,0.05228960146452666,0.3192735880914239,0.5495491144980738,0.09343342713809877,0.631019582271694,0.5766641002806581,0.1095234971689385,0.6075197266756138,0.6994429629222421,0.7339300191734925,0.8794118172999135,0.48280133002412584,0.1543351372340489
0.41098732049266473,0.475649495391516,0.416455837160739,0.7576606650926392,0.5729841506399185,0.5336211794620693,0.8321185118247336,0.564124568483779,0.42427526092993073,0.5767233013309667,0.5894115761454888,0.4161501602187734,0.5157202950432445,0.5451119396879851,0.535224445096325,0.48611217266881646,0.5004737169583928,0.3779481242516569
0.13631291570158488,0.2461493326942592,0.3866524184735667,0.827308111855531,0.3043771065977934,0.38003452053208653,0.6954007488980491,0.2427434911598978,0.09603914379455558,0.3155825139046262,0.3521354176339251,0.24097144824092132,0.2180781473960206,0.4751719552811215,0.33595364873485223,0.43661425956629474,0.60179157431113,0.3203575634174778
0.6801108974365625,0.5216236115162503,0.6274883129585787,0.3551571558291067,0.7739415403232368,0.8772366987324851,0.6360635848646883,0.4481274326441941,0.692094616389574,0.48044286290616744,0.4772533713322513,0.6795891307144271,0.4703588725711141,0.2940404340910077,0.48404698567815263,0.25193361783489343,0.41268343874716873,0.6422579448949115
0.6345036280394328,0.6437572883459384,0.5189095168658686,0.5700313076639829,0.5675856040126448,0.3692805798197143,0.465951698322177,0.452968031347717,0.3693852342767947,0.5315919550638744,0.520255308476149,0.5706838974337449,0.35675025597706234,0.4072739713479528,0.43724352506781283,0.5744463544896983,0.6982128978400441,0.6673917605497044
0.3960542882520036,0.23090181605052895,0.33127446209165345,0.09112885701305506,0.299613640919953,0.3205112361026985,0.026675145062380334,0.07690639525706333,0.16331998717099339,0.1087332614824843,0.09210183383737269,0.28348150059732347,0.17557987952473042,0.15510295782794997,0.16091994474705462,0.10059124531110464,0.5418442625697291,0.7524268791527131
0.7137856032875473,0.647566939359498,0.4348097911842528,0.6331870487062718,0.6379411344473989,0.4827640986029209,0.555409477786382,0.5887762977879172,0.46219870346327774,0.6122108942691609,0.6500554904302587,0.5114420117147795,0.48929111633512656,0.5232105761759509,0.5216416974211162,0.5434861551021688,0.7421707538538393,0.7869471280500062
0.6794349076813483,0.6563694561487041,0.48289336105922676,0.5857580032454806,0.43078047609725956,0.4622251037548839,0.5159691360705891,0.27839614646195465,0.5287263872280312,0.32117198806233827,0.3470150617314245,0.48213572020840023,0.3030623763486361,0.3403667913841281,0.41572342200222256,0.3800656406947629,0.6505025586415301,0.6712127186909829
0.4203414384460159,0.46273226625493447,0.49426246158628606,0.6970939189523868,0.46681284389616207,0.2764591967375396,0.48333302423595503,0.5643089463232656,0.4303948320085138,0.6248206173171422,0.6277848189488013,0.4421106835024262,0.48123551824798616,0.5290368948086832,0.5745319572579728,0.6741406641006698,0.49446567985164225,0.36752304325377616
0.06855440380199285,0.07787258069051828,0.4249389750548538,0.5774835024956491,0.3576476719250572,0.17546316405235096,0.3388850692512797,0.4485764946527988,0.27357722719778144,0.5017941660261824,0.5008608609336225,0.4147942723164577,0.42916142897441567,0.479874230201135,0.556731469005372,0.6437722850701564,0.23429076858946374,0.08546592385951568
0.8702844314984924,0.8774558225613966,0.5691293669317883,0.3136398478269653,0.6638639809638336,0.5371300034692759,0.541551678627441,0.32881624070331095,0.8591247921526817,0.3816572872371957,0.31858914373583036,0.8571739998113055,0.27657838110074107,0.23709634308251953,0.3104107567317427,0.35814713731347747,0.5038996140362537,0.5893593697626001
0.29592730538037604,0.24770309858709183,0.3860146288362767,0.4452153683784985,0.5191992434089905,0.26965713969955285,0.3373118020808077,0.4473149810481497,0.3992942905304693,0.4659392897508199,0.47115608059616787,0.6132873017545009,0.3955861201063371,0.39806630084339406,0.48202530714092795,0.5254867547536062,0.30900571882157735,0.2898380315904845
0.2491238663654861,0.3613780172228507,0.37577364975879446,0.5733163480461068,0.12862978162249217,0.05972592560251444,0.27808556385053107,0.5649373261932347,0.057542692425019304,0.5952228125124042,0.563327439854103,0.15249497900313425,0.6226162607006,0.7392586330460382,0.7189813147230861,0.8317230141618748,0.6828324885859172,0.3962447223111625
0.2531349587373187,0.22822488866412094,0.27331252072955614,0.7108059750483635,0.6262879018849421,0.3765313055254005,0.6343196477513837,0.9502616788012099,0.34183368262554215,0.9093826531995106,0.9479739250348378,0.3608630092896452,0.7666333583937914,0.7889305148567027,0.7359627445033348,0.704797797662972,0.4582390885931307,0.3258294999355069
0.2567136028542384,0.29880390377423693,0.29461052096672713,0.3985564414503062,0.209987577899849,0.07566895098152449,0.18496586928506487,0.5912786434384245,0.05084809128019652,0.5841351452220309,0.5536423606070262,0.2637861152512355,0.646856123612692,0.670685403195501,0.709710770313031,0.7614170492195584,0.6252348239972705,0.4505317123486132
0.8823313065289001,0.7703749146924523,0.5481184817139795,0.21106748852099821,0.890642621761623,0.970440869137517,0.7737427391667286,0.42945139940681387,0.7228552473459562,0.4285847639571807,0.38359268312513506,0.8465233736924989,0.40038380688389075,0.25950514514848905,0.3301929254043803,0.1975605330129333,0.5980704585102286,0.8052286530853578
0.7410942729233544,0.6328253661634815,0.5787261925883342,0.37348274992370545,0.7725037173783138,0.8492995970904,0.7148604910627423,0.294933763885714,0.7441626920102618,0.33778893122614284,0.31302737744034204,0.7927012670362015,0.2661657607394583,0.21371672994150576,0.2785291044151974,0.20040776664252102,0.46989109737540624,0.6329808331994924
0.784563377879176,0.7190215366607529,0.6945894181342562,0.5951632067268537,0.9384832590274745,0.8430289274049514,0.8155855302769566,0.3515379463628434,0.775802940520947,0.4709311837115291,0.44990384702082076,0.7098535583960774,0.25215681556917047,0.23944252428021612,0.2484052409834554,0.22660175447338715,0.6580028532239937,0.7743316987143074
0.4384159151127932,0.53372705195735,0.42627511214154445,0.25504793097098943,0.09544529920035205,0.1951077994181345,0.2469327312163303,0.00027482458339023186,0.29953526480788417,0.11429565047214019,0.008189797063063331,0.41677001531147173,0.02606345174170699,0.16203655744013085,0.19890697357481613,0.48169154127179437,0.6429329620141015,0.4942962611747741
0.5414994847522449,0.48649149078476595,1.0,0.898228707260643,0.856217459052911,0.8335560292174913,0.936238355374702,0.2960099075563325,0.8519885546604162,0.5302326478340778,0.5363737597827287,0.6506901595979799,0.16529348056324433,0.21813184822072046,0.29651295390550514,0.35371107566844673,0.32828499059933836,0.4021975146140324
0.2714813127043335,0.386281970729196,0.49693119578693423,0.8190455857303922,0.13661311982639002,0.26625898801517245,0.5295789478579778,0.19936738455448744,0.19657641508433743,0.28560807021169565,0.31066543989308437,0.17889129001278525,0.2443837471705087,0.46094940776237386,0.43480113288589384,0.5132871496287108,0.6151904427825265,0.3608511365413909
0.0902886172941556,0.24089469712803013,0.5008317830907303,0.6252530654551656,0.09032778385213902,0.042156235564537514,0.30390248074715265,0.5451600011184525,0.08412241325413561,0.6223618346386415,0.5678446829206139,0.1095229017985142,0.6076401736870038,0.6994402791117973,0.7340242623309967,0.8793840402224271,0.48298796389902465,0.15446779643458597
0.5517946229036187,0.5077452290415057,0.49907200945824925,0.449837538319966,0.6009688689203607,0.43153117569902477,0.46755130494267805,0.3004342840233152,0.6484848620765127,0.34979906896562474,0.34752344332593754,0.7422771277582398,0.24584580027893066,0.26224533260892474,0.34085538820086225,0.38310169732881816,0.37680371668329804,0.4300079766716449
0.29595994982074514,0.24748615933596252,0.385696387998574,0.4449168554796885,0.5190836205973743,0.2692507121056962,0.33719427018944836,0.44722105148033364,0.39913385572928295,0.4657656006037203,0.47101299920077655,0.6132923800885073,0.3955765511872549,0.3980328137596805,0.48199837572400117,0.5254378833376652,0.30904948258376175,0.28996770517590154
0.6288654572973519,0.5928573004384279,0.5556544837357631,0.4250565158050401,0.5914195273369678,0.4779292554749728,0.48491885206688057,0.2862416085548066,0.658555936829659,0.3515048008671049,0.3319048671825182,0.7247957485465111,0.24969971173087446,0.24832088553323323,0.34237696653219474,0.3697069255424126,0.440939900615017,0.5129351755063769
0.22904682873149051,0.4002342087150317,0.5552468071559908,0.6050578428250888,0.1400785285616204,0.09204655526656991,0.3516238094026316,0.9354992424942523,0.10615917107187522,0.9899495506526359,0.9125122401463841,0.007017689305360841,0.9424758566891518,0.9522617424244701,0.9641767549808504,0.9999593439006849,0.647422244935784,0.32695005967975166
0.26430364239994286,0.46931586945203274,0.7059555541801181,0.4717647314908162,0.11350727022592033,0.10539263683355538,0.28872642143972094,0.7449759649403098,0.2215496676548252,0.8435603914549199,0.7177559438569392,0.09537110113636582,0.845204922296164,0.6570845419657669,0.9151100686516007,0.9322592030649257,0.47653229610304293,0.22578922597426954
0.40590567810314837,0.4486300848641416,0.4478637322661214,0.6681828079467134,0.3712609689137081,0.25168737700454535,0.4341720611737028,0.8886708649032569,0.10284881550046387,0.9122656219395744,0.9040862524535878,0.17818594881912286,0.8146526348491292,0.8481369705525665,0.825840398315048,0.8372866515670507,0.8147875583879054,0.637318446456618
0.6169568284306558,0.5830006767228184,0.5439825116777466,0.43457099767286733,0.6259737171509336,0.46907208930788613,0.49490433399674805,0.2942328744189704,0.6622106152459262,0.3616793414462096,0.34320248523407426,0.7605166760135533,0.23228183519396117,0.24633856701636753,0.31985608788977316,0.38020104022334644,0.4252009040599194,0.4883436016278566
0.46010450042767437,0.4325827310909889,0.2280461259096329,0.45110679710032864,0.3973500634897922,0.17934828122305957,0.26293962031266593,0.42651645486543965,0.24490047055653852,0.40397371397370563,0.4297471736044476,0.5122337842196818,0.4026790977325676,0.4819639985725103,0.4872574821655,0.5670197697706747,0.632453562693662,0.5695151440307935
0.44104735376267434,0.4949784069662806,0.35024125672242823,0.402011988842355,0.2311708296036985,0.1486496107351547,0.2357991410451552,0.5456973410571702,0.1462870658875084,0.5436937042721877,0.508299547114031,0.303450038870581,0.62319512849043,0.6053412999854051,0.6890527677463778,0.6986674645050179,0.7131920204030371,0.587542426993239
0.135379478834167,0.1445595792387131,0.28717369673543613,0.5163126821602066,0.28313546836197734,0.07256675821284109,0.22755000455768437,0.5702572503706267,0.18923573238004465,0.5685520582056722,0.5738335460138391,0.3386755849811647,0.5647006848579694,0.6268935675791116,0.6592730649550074,0.7343646956551635,0.3899313335490271,0.21350231689864363
0.768833001095964,0.810200449272279,0.5095220371663589,0.6245736365415393,0.6097867784936117,0.4239762322446876,0.5733941869796713,0.5009360615663441,0.4321874678651443,0.5668430586388522,0.5573060935201657,0.5734635515452546,0.3906113904041386,0.43953973816956365,0.4449357305755328,0.5688938440505811,0.7821980835798577,0.7383757936254192
0.4337960999702176,0.35209633162348464,0.568871030105297,0.5434975932912471,0.701451572233071,0.4203596223646464,0.4536015653771477,0.36277104040298436,0.48049485605904163,0.46025460551818287,0.4700225842103374,0.7346342915439037,0.23263089537218729,0.286208495095517,0.3399603389657342,0.46261847733053907,0.37758696456123886,0.42532099366312526
0.5459271793885844,0.527993101569161,0.4799779460859521,0.5807476860753038,0.5383490231532246,0.3838656157478817,0.4818857455083285,0.40606413018704657,0.4778355327424819,0.4625594147012162,0.4722453575841945,0.5686605533707743,0.3450048521706581,0.393259508988753,0.4378435012393511,0.511239688757495,0.5440299248424527,0.5286082429111016
0.1990575744995694,0.2050875292641683,0.23532957024873635,0.5798918770804722,0.18407644064678674,0.13610091053856221,0.2883558513742952,0.15165620519322032,0.15834971783791252,0.17311694771996566,0.2155772534758562,0.3508285397973818,0.17302074612524576,0.3811992017017302,0.3535819937951543,0.4665814364317824,0.5111883364166734,0.3335435745835593
0.23273176554143682,0.3569771616706163,0.7457950699143114,0.9803258126629091,0.4067659632923102,0.5417266447279734,0.8740199089397245,0.28830949887822954,0.3738373035185778,0.4464094182620213,0.45031799472898904,0.2833105632653985,0.2698238090279287,0.3960075269426408,0.4166580814176881,0.45757439034553227,0.4007858451119619,0.2134247358275232
0.3484311297858377,0.041473620578287296,0.8276319725127643,0.3230821768724428,0.6978233510098659,0.8057197447671935,0.27501608949303824,0.13686606378934618,0.5589830005538623,0.2790146067409174,0.28280443788059295,0.6766107980871101,0.20933537957851311,0.0590320061044603,0.42811384936124375,0.07458601985154889,0.030845906450215566,0.3797983547073529
0.8716628398827105,0.8543767600972703,0.7856293340856468,0.5565004408017531,0.7564621602438806,0.6520483358706377,0.6731526347644734,0.4497801754536337,0.8229490691449786,0.5829537377179042,0.5391601088952416,0.7121732324903272,0.33948995867806264,0.310144911146863,0.3982802345566916,0.45907846572247646,0.5718257937555127,0.6650632918734902
0.8752599132175461,0.8711552677758649,0.7801094617894968,0.5454744342458322,0.6941712898172965,0.6392981564011437,0.6697815791333732,0.4158106733462388,0.8295581557238711,0.5525682927284001,0.4975889098491477,0.6828446583614334,0.3298379770356834,0.3056580186675854,0.39324803567838185,0.46578391538039776,0.5765391197395255,0.656335191006371
0.5578099198142316,0.3954485282212099,0.26781564986223394,0.14203879489830973,0.35895928203615957,0.4111960414220355,0.16520366605797587,0.08727285770717119,0.3058255625042059,0.08893947081443065,0.10455880705581633,0.27894726044413587,0.1542104608989181,0.14035896924598384,0.09546696733744287,0.029831398139285814,0.6585443182826938,0.8874228050334767
0.7668384834777447,0.7710416547912717,0.5226357819392868,0.4649432647324989,0.4975496067704819,0.4579224059703204,0.5077644129279619,0.26744628853567454,0.6845252050755879,0.32710464698142583,0.30709626155476677,0.6482592679769044,0.25466665239563224,0.27517900175417814,0.3521730265434331,0.3966745920546826,0.5727564220096932,0.6088381255661011
0.4125424953168827,0.4891382945790761,0.5215924131381313,0.6626833289873195,0.08161134379378665,0.19024207603836096,0.33163722248275107,0.16103596371433448,0.20193076089198359,0.27701966773248654,0.2703190872978034,0.20478684315538387,0.21561243542573427,0.4064689342774869,0.4402612374283348,0.6032996277139817,0.7367886386797615,0.5456988694312765
0.5575016035331947,0.3951595786294748,0.2672911548940573,0.14148856398693166,0.35847690618769357,0.4104668006549086,0.16475654548358998,0.08722023214638774,0.3053066179119921,0.08870209278740093,0.1042944436812312,0.2789882422198484,0.15432452124117702,0.14043812216506962,0.09556952165713617,0.029885062265108786,0.6584650616189467,0.8872912993766393
0.45180797138074935,0.4762985594260931,0.4262624656839682,0.662131780415649,0.44210005755549386,0.30919785882698747,0.49259353064470845,0.7571152890985997,0.3719006600604491,0.7798558788472192,0.7821605512669252,0.3137253903759454,0.6815702310464757,0.7134101948386227,0.7102799914834899,0.7414740247216631,0.6287616296266403,0.5154443970272342
0.5835200864192925,0.42070000890390125,0.26763690603974233,0.09342315929156975,0.4427292813907886,0.4953988998113963,0.24012300494505823,0.13777560267497446,0.36593847910378274,0.11195246298608463,0.11709019215869332,0.37578730188198595,0.21082269127944908,0.16231600834267984,0.12278898559323626,0.04711270075740559,0.6351329282116362,0.874055158978861
0.27226756424226795,0.38279849116856135,0.4391684955506321,0.6477933350626723,0.2274077854547325,0.10127620181693153,0.351941087223675,0.6973782687752885,0.22632456850679805,0.7367412221211194,0.7079779283183898,0.19561445897870122,0.6858295638251071,0.7494322563328657,0.7653460137738959,0.8597321878213287,0.5614669005730251,0.3040620252437376
0.7486549638724197,0.6851555780714615,0.5101914563264982,0.5314267887542425,0.628189018433509,0.46990791612349225,0.4861371746635177,0.2272135493633628,0.4987881581198881,0.3012740839402732,0.3197204220296117,0.7325990002746223,0.1346308249597915,0.23587709753850988,0.23929954588068703,0.3719212379157859,0.6677714338077825,0.7454265154633251
0.7843697044427481,0.667170148712396,0.5870514204688564,0.37562668453479464,0.7778171845047341,0.8649188891892332,0.7119778829673793,0.2732567858598768,0.7042826056579194,0.31065240782837167,0.2919352819070804,0.8041395419427635,0.24666765219893827,0.19537715892339863,0.259596304725745,0.1772188903574894,0.48781780827754195,0.6674947282410688
0.4391506992052606,0.5349766951128132,0.42805496056042003,0.2567293218479594,0.0963833279540034,0.19661451552852327,0.24859220794855386,0.0005872362576156975,0.3008880131182665,0.11520491013939438,0.00904069930824325,0.4166863535200096,0.0261322938016888,0.1620726677164676,0.19901736680521087,0.4818531579894636,0.6429657394869779,0.4942837697808642
0.6343062999377455,0.5003899337181186,0.34881292348844184,0.49462702404574266,0.5604227016168892,0.3781272017105053,0.34720270179046464,0.4329261843869,0.525394699483098,0.40196400474131244,0.4717823033409414,0.6107736172933982,0.4074376811374101,0.4034958452448157,0.49446924854336016,0.4182360100628848,0.5380964067143157,0.6469773937126049
0.26727753569207147,0.2912650483684056,0.7449021726640366,0.8368363285340013,0.47996484461099054,0.35163981299174596,0.5440333408227076,0.7402142633850703,0.5230579873015464,0.8523134579906582,0.8503501539818017,0.3268280209745731,0.6558261200929272,0.596571639478886,0.7612070490497929,0.7365232831877069,0.28749242131819863,0.1808986113278528
0.6604990139406836,0.5849873197279438,0.9552650324930791,0.6571820184576049,0.8543323979359505,0.8891993512100118,0.7886272966459944,0.32473695870211927,0.8484748740275188,0.5125841822903654,0.4571427130943746,0.6597180511771044,0.2682244329552923,0.21426057290187234,0.32141021128824865,0.260332024330179,0.44188270497998716,0.5722765676639439
